0.0;0.0;0.0;0.0;2.0;1.0;3.0;1.0;1.0;1.0;1.0;1.0;3.0;1.0;3.0;3.0;1.0;1.0;1.0;1.0;1.0;1.0;1.0;1.0;1.0;1.0;1.0;0.0;1.0;0.0;1.0;1.0;1.0;1.0;0.0;1.0;1.0;1.0;1.0;1.0;0.0;2.0;-1.0;-2.0;-4.0;3.0;1.0;-2.0;-4.0;-5.0;3.0;3.0;0.0;-3.0;-3.0;-5.0;4.0;3.0;1.0;0.0;-2.0;-3.0;-5.0;4.0;0.0;1.0;0.0;-1.0;-3.0;3.0;2.0;0.0;0.0;-2.0;3.0;2.0;1.0;0.0;0;1;0;0;0;0;1;0
0.0;-0.18;3.0;0.0;1.0;3.0;1.0;0.0;1.0;1.0;1.0;3.0;1.0;3.0;3.0;1.0;1.0;1.0;1.0;1.0;1.0;1.0;1.0;1.0;1.0;1.0;0.0;1.0;0.0;1.0;1.0;1.0;1.0;0.0;1.0;1.0;1.0;1.0;1.0;0.0;1.0;1.0;0.0;-2.0;0.0;3.0;0.0;-2.0;-3.0;-4.0;5.0;2.0;-1.0;-1.0;-3.0;-4.0;5.0;3.0;2.0;0.0;-1.0;-3.0;-4.0;0.0;3.0;0.0;1.0;-1.0;-3.0;4.0;0.0;2.0;0.0;-1.0;4.0;3.0;0.0;1.0;0;0;1;0;0;1;0;0
0.0;-0.33;2.0;1.0;1.0;1.0;3.0;1.0;3.0;1.0;1.0;1.0;1.0;1.0;1.0;1.0;1.0;1.0;1.0;0.0;1.0;0.0;1.0;1.0;1.0;1.0;1.0;0.0;1.0;1.0;1.0;1.0;1.0;1.0;0.0;1.0;1.0;1.0;1.0;1.0;1.0;-1.0;-3.0;-4.0;-5.0;1.0;-2.0;-2.0;-4.0;-5.0;2.0;1.0;-1.0;-2.0;-4.0;-5.0;0.0;2.0;0.0;0.0;-2.0;-4.0;-5.0;3.0;0.0;1.0;-1.0;-2.0;-4.0;3.0;2.0;0.0;0.0;-2.0;2.0;1.0;0.0;-1.0;0;1;0;0;0;1;0;0
0.0;-0.27;2.0;2.0;3.0;1.0;1.0;1.0;1.0;1.0;1.0;1.0;1.0;0.0;1.0;0.0;1.0;1.0;1.0;1.0;1.0;0.0;1.0;1.0;1.0;1.0;1.0;1.0;1.0;0.0;1.0;1.0;0.0;1.0;1.0;1.0;1.0;1.0;1.0;1.0;0.0;0.0;-3.0;-3.0;-5.0;1.0;0.0;-2.0;-3.0;-5.0;0.0;1.0;0.0;-1.0;-3.0;-5.0;3.0;2.0;0.0;0.0;-2.0;-3.0;-5.0;3.0;2.0;1.0;0.0;-1.0;-3.0;0.0;1.0;0.0;-1.0;-2.0;2.0;1.0;0.0;0.0;0;0;1;0;0;0;1;0
0.0;-0.61;1.0;2.0;1.0;1.0;1.0;1.0;0.0;1.0;0.0;1.0;1.0;1.0;1.0;0.0;1.0;1.0;1.0;1.0;1.0;1.0;1.0;0.0;1.0;1.0;1.0;0.0;1.0;1.0;1.0;1.0;0.0;1.0;1.0;1.0;0.0;1.0;1.0;1.0;1.0;0.0;-1.0;-3.0;-4.0;0.0;0.0;0.0;-2.0;-4.0;2.0;1.0;0.0;-1.0;-3.0;-4.0;3.0;2.0;1.0;0.0;0.0;-2.0;-4.0;2.0;0.0;0.0;-1.0;-2.0;-3.0;0.0;1.0;0.0;-1.0;0.0;1.0;0.0;-1.0;-2.0;1;0;0;0;0;0;0;1
0.0;-0.71;4.0;1.0;1.0;0.0;1.0;1.0;1.0;0.0;1.0;1.0;1.0;1.0;1.0;1.0;0.0;1.0;1.0;1.0;0.0;1.0;1.0;1.0;1.0;1.0;0.0;1.0;1.0;1.0;0.0;1.0;1.0;1.0;1.0;1.0;1.0;1.0;1.0;1.0;1.0;1.0;0.0;-1.0;-3.0;2.0;0.0;0.0;-2.0;-3.0;3.0;2.0;1.0;0.0;-1.0;-3.0;3.0;0.0;1.0;0.0;-1.0;-2.0;-4.0;0.0;2.0;1.0;0.0;0.0;-3.0;2.0;1.0;0.0;-1.0;-2.0;2.0;2.0;0.0;-1.0;0;0;1;0;0;1;0;0
0.0;-0.73;3.0;2.0;1.0;0.0;1.0;1.0;1.0;1.0;1.0;0.0;1.0;1.0;0.0;1.0;1.0;1.0;1.0;1.0;0.0;1.0;1.0;1.0;0.0;1.0;0.0;1.0;1.0;1.0;1.0;1.0;1.0;1.0;1.0;1.0;1.0;0.0;1.0;0.0;0.0;1.0;0.0;-1.0;-3.0;2.0;1.0;0.0;0.0;-2.0;2.0;0.0;0.0;-1.0;-2.0;-3.0;3.0;0.0;1.0;0.0;-1.0;0.0;-4.0;0.0;1.0;0.0;-1.0;-2.0;-3.0;2.0;1.0;1.0;-1.0;-2.0;0.0;0.0;0.0;0.0;0;0;1;0;0;0;1;0
0.0;-0.76;3.0;2.0;1.0;1.0;1.0;0.0;1.0;0.0;1.0;1.0;1.0;1.0;0.0;1.0;1.0;1.0;0.0;1.0;0.0;1.0;1.0;1.0;1.0;1.0;1.0;1.0;1.0;1.0;1.0;1.0;1.0;0.0;1.0;0.0;0.0;1.0;1.0;0.0;1.0;2.0;1.0;0.0;0.0;2.0;0.0;0.0;-1.0;-2.0;3.0;0.0;1.0;0.0;-1.0;0.0;3.0;0.0;1.0;0.0;-1.0;-2.0;-3.0;3.0;2.0;1.0;1.0;-1.0;-2.0;2.0;0.0;0.0;0.0;0.0;1.0;0.0;0.0;-1.0;0;0;1;0;0;0;1;0
0.0;-0.8;2.0;2.0;1.0;0.0;1.0;1.0;1.0;0.0;1.0;1.0;1.0;1.0;0.0;1.0;1.0;1.0;1.0;1.0;1.0;1.0;1.0;1.0;1.0;1.0;1.0;1.0;0.0;1.0;0.0;0.0;1.0;1.0;1.0;0.0;1.0;0.0;2.0;1.0;0.0;1.0;0.0;-1.0;-2.0;2.0;0.0;0.0;-1.0;-2.0;2.0;0.0;0.0;-1.0;-2.0;-3.0;3.0;2.0;1.0;0.0;0.0;-2.0;-3.0;2.0;1.0;0.0;-1.0;0.0;0.0;2.0;0.0;-1.0;0.0;-2.0;0.0;0.0;0.0;0.0;0;0;1;0;0;0;0;1
0.0;-0.96;3.0;1.0;0.0;1.0;1.0;1.0;0.0;1.0;1.0;1.0;1.0;1.0;1.0;1.0;1.0;1.0;1.0;1.0;1.0;0.0;1.0;0.0;0.0;0.0;1.0;1.0;1.0;0.0;1.0;1.0;0.0;2.0;1.0;0.0;0.0;0.0;1.0;1.0;1.0;0.0;1.0;0.0;-1.0;0.0;1.0;0.0;-1.0;-2.0;3.0;2.0;1.0;1.0;-1.0;-2.0;3.0;2.0;0.0;0.0;0.0;0.0;0.0;3.0;1.0;0.0;0.0;-1.0;-3.0;0.0;1.0;1.0;0.0;0.0;0.0;2.0;2.0;-1.0;0;1;0;0;0;0;1;0
0.0;-0.96;0.0;1.0;0.0;1.0;1.0;1.0;0.0;1.0;1.0;1.0;1.0;1.0;1.0;1.0;1.0;1.0;1.0;1.0;1.0;0.0;1.0;0.0;0.0;0.0;1.0;1.0;1.0;0.0;1.0;1.0;0.0;2.0;1.0;0.0;0.0;0.0;1.0;1.0;1.0;0.0;1.0;0.0;-1.0;0.0;1.0;0.0;-1.0;-2.0;3.0;2.0;1.0;1.0;-1.0;-2.0;3.0;2.0;0.0;0.0;0.0;0.0;0.0;3.0;1.0;0.0;0.0;-1.0;-3.0;0.0;1.0;1.0;0.0;0.0;0.0;2.0;2.0;-1.0;0;0;1;0;0;1;0;0
0.0;-0.96;0.0;2.0;0.0;1.0;1.0;1.0;0.0;1.0;1.0;1.0;1.0;1.0;1.0;1.0;1.0;1.0;1.0;1.0;1.0;0.0;1.0;0.0;0.0;0.0;1.0;1.0;1.0;0.0;1.0;1.0;0.0;2.0;1.0;0.0;0.0;0.0;1.0;1.0;1.0;0.0;1.0;0.0;-1.0;0.0;1.0;0.0;-1.0;-2.0;3.0;2.0;1.0;1.0;-1.0;-2.0;3.0;2.0;0.0;0.0;0.0;0.0;0.0;3.0;1.0;0.0;0.0;-1.0;-3.0;0.0;1.0;1.0;0.0;0.0;0.0;2.0;2.0;-1.0;0;0;1;0;0;1;0;0
0.0;-0.96;0.0;3.0;0.0;1.0;1.0;1.0;0.0;1.0;1.0;1.0;1.0;1.0;1.0;1.0;1.0;1.0;1.0;1.0;1.0;0.0;1.0;0.0;0.0;0.0;1.0;1.0;1.0;0.0;1.0;1.0;0.0;2.0;1.0;0.0;0.0;0.0;1.0;1.0;1.0;0.0;1.0;0.0;-1.0;0.0;1.0;0.0;-1.0;-2.0;3.0;2.0;1.0;1.0;-1.0;-2.0;3.0;2.0;0.0;0.0;0.0;0.0;0.0;3.0;1.0;0.0;0.0;-1.0;-3.0;0.0;1.0;1.0;0.0;0.0;0.0;2.0;2.0;-1.0;0;0;1;0;0;1;0;0
0.0;-0.96;0.0;4.0;0.0;1.0;1.0;1.0;0.0;1.0;1.0;1.0;1.0;1.0;1.0;1.0;1.0;1.0;1.0;1.0;1.0;0.0;1.0;0.0;0.0;0.0;1.0;1.0;1.0;0.0;1.0;1.0;0.0;2.0;1.0;0.0;0.0;0.0;1.0;1.0;1.0;0.0;1.0;0.0;-1.0;0.0;1.0;0.0;-1.0;-2.0;3.0;2.0;1.0;1.0;-1.0;-2.0;3.0;2.0;0.0;0.0;0.0;0.0;0.0;3.0;1.0;0.0;0.0;-1.0;-3.0;0.0;1.0;1.0;0.0;0.0;0.0;2.0;2.0;-1.0;0;1;0;0;0;0;1;0
0.0;-0.8;1.0;4.0;1.0;0.0;1.0;1.0;1.0;0.0;1.0;1.0;1.0;1.0;0.0;1.0;1.0;1.0;1.0;1.0;1.0;1.0;1.0;1.0;1.0;1.0;1.0;1.0;0.0;1.0;0.0;0.0;1.0;1.0;1.0;0.0;1.0;0.0;2.0;1.0;0.0;1.0;0.0;-1.0;-2.0;2.0;0.0;0.0;-1.0;-2.0;2.0;0.0;0.0;-1.0;-2.0;-3.0;3.0;2.0;1.0;0.0;0.0;-2.0;-3.0;2.0;1.0;0.0;-1.0;0.0;0.0;2.0;0.0;-1.0;0.0;-2.0;0.0;0.0;0.0;0.0;0;0;1;0;0;0;1;0
0.0;-0.65;1.0;4.0;1.0;1.0;1.0;1.0;1.0;1.0;0.0;1.0;1.0;1.0;1.0;0.0;1.0;1.0;1.0;0.0;1.0;0.0;1.0;1.0;1.0;1.0;1.0;1.0;1.0;1.0;1.0;1.0;1.0;1.0;0.0;1.0;0.0;1.0;1.0;1.0;0.0;2.0;1.0;0.0;-1.0;2.0;1.0;0.0;-1.0;-2.0;3.0;2.0;0.0;0.0;-1.0;-2.0;0.0;2.0;0.0;0.0;-1.0;-2.0;-3.0;3.0;2.0;1.0;0.0;0.0;-2.0;2.0;1.0;0.0;-1.0;0.0;2.0;0.0;-1.0;0.0;0;0;1;0;0;1;0;0
0.0;-0.63;1.0;5.0;1.0;1.0;0.0;1.0;1.0;1.0;1.0;1.0;0.0;1.0;1.0;0.0;1.0;1.0;1.0;1.0;1.0;0.0;1.0;1.0;1.0;0.0;1.0;0.0;1.0;1.0;1.0;1.0;1.0;1.0;1.0;1.0;1.0;1.0;0.0;1.0;0.0;1.0;0.0;0.0;-2.0;2.0;1.0;0.0;-1.0;0.0;2.0;1.0;0.0;-1.0;-2.0;-3.0;3.0;2.0;0.0;0.0;-1.0;-2.0;0.0;2.0;0.0;0.0;-1.0;-2.0;-3.0;2.0;1.0;0.0;0.0;-2.0;1.0;0.0;-1.0;0.0;0;0;1;0;0;1;0;0
0.0;-0.73;2.0;0.0;1.0;0.0;1.0;1.0;1.0;1.0;1.0;0.0;1.0;1.0;0.0;1.0;1.0;1.0;1.0;1.0;0.0;1.0;1.0;1.0;0.0;1.0;0.0;1.0;1.0;1.0;1.0;1.0;1.0;1.0;1.0;1.0;1.0;0.0;1.0;0.0;0.0;1.0;0.0;-1.0;-3.0;2.0;1.0;0.0;0.0;-2.0;2.0;0.0;0.0;-1.0;-2.0;-3.0;3.0;0.0;1.0;0.0;-1.0;0.0;-4.0;0.0;1.0;0.0;-1.0;-2.0;-3.0;2.0;1.0;1.0;-1.0;-2.0;0.0;0.0;0.0;0.0;0;0;0;0;1;1;0;0
0.0;-0.73;0.0;1.0;1.0;0.0;1.0;1.0;1.0;1.0;1.0;0.0;1.0;1.0;0.0;1.0;1.0;1.0;1.0;1.0;0.0;1.0;1.0;1.0;0.0;1.0;0.0;1.0;1.0;1.0;1.0;1.0;1.0;1.0;1.0;1.0;1.0;0.0;1.0;0.0;0.0;1.0;0.0;-1.0;-3.0;2.0;1.0;0.0;0.0;-2.0;2.0;0.0;0.0;-1.0;-2.0;-3.0;3.0;0.0;1.0;0.0;-1.0;0.0;-4.0;0.0;1.0;0.0;-1.0;-2.0;-3.0;2.0;1.0;1.0;-1.0;-2.0;0.0;0.0;0.0;0.0;0;0;0;1;0;1;0;0
0.0;-0.73;0.0;2.0;1.0;0.0;1.0;1.0;1.0;1.0;1.0;0.0;1.0;1.0;0.0;1.0;1.0;1.0;1.0;1.0;0.0;1.0;1.0;1.0;0.0;1.0;0.0;1.0;1.0;1.0;1.0;1.0;1.0;1.0;1.0;1.0;1.0;0.0;1.0;0.0;0.0;1.0;0.0;-1.0;-3.0;2.0;1.0;0.0;0.0;-2.0;2.0;0.0;0.0;-1.0;-2.0;-3.0;3.0;0.0;1.0;0.0;-1.0;0.0;-4.0;0.0;1.0;0.0;-1.0;-2.0;-3.0;2.0;1.0;1.0;-1.0;-2.0;0.0;0.0;0.0;0.0;0;1;0;0;0;0;1;0
0.0;-0.76;1.0;2.0;1.0;1.0;1.0;0.0;1.0;0.0;1.0;1.0;1.0;1.0;0.0;1.0;1.0;1.0;0.0;1.0;0.0;1.0;1.0;1.0;1.0;1.0;1.0;1.0;1.0;1.0;1.0;1.0;1.0;0.0;1.0;0.0;0.0;1.0;1.0;0.0;1.0;2.0;1.0;0.0;0.0;2.0;0.0;0.0;-1.0;-2.0;3.0;0.0;1.0;0.0;-1.0;0.0;3.0;0.0;1.0;0.0;-1.0;-2.0;-3.0;3.0;2.0;1.0;1.0;-1.0;-2.0;2.0;0.0;0.0;0.0;0.0;1.0;0.0;0.0;-1.0;0;0;1;0;0;0;1;0
0.0;-0.76;0.0;2.0;1.0;1.0;1.0;0.0;1.0;0.0;1.0;1.0;1.0;1.0;0.0;1.0;1.0;1.0;0.0;1.0;0.0;1.0;1.0;1.0;1.0;1.0;1.0;1.0;1.0;1.0;1.0;1.0;1.0;0.0;1.0;0.0;0.0;1.0;1.0;0.0;1.0;2.0;1.0;0.0;0.0;2.0;0.0;0.0;-1.0;-2.0;3.0;0.0;1.0;0.0;-1.0;0.0;3.0;0.0;1.0;0.0;-1.0;-2.0;-3.0;3.0;2.0;1.0;1.0;-1.0;-2.0;2.0;0.0;0.0;0.0;0.0;1.0;0.0;0.0;-1.0;0;1;0;0;0;0;1;0
0.0;-0.8;1.0;2.0;1.0;0.0;1.0;1.0;1.0;0.0;1.0;1.0;1.0;1.0;0.0;1.0;1.0;1.0;1.0;1.0;1.0;1.0;1.0;1.0;1.0;1.0;1.0;1.0;0.0;1.0;0.0;0.0;1.0;1.0;1.0;0.0;1.0;0.0;2.0;1.0;0.0;1.0;0.0;-1.0;-2.0;2.0;0.0;0.0;-1.0;-2.0;2.0;0.0;0.0;-1.0;-2.0;-3.0;3.0;2.0;1.0;0.0;0.0;-2.0;-3.0;2.0;1.0;0.0;-1.0;0.0;0.0;2.0;0.0;-1.0;0.0;-2.0;0.0;0.0;0.0;0.0;0;0;1;0;0;1;0;0
0.0;-0.8;0.0;3.0;1.0;0.0;1.0;1.0;1.0;0.0;1.0;1.0;1.0;1.0;0.0;1.0;1.0;1.0;1.0;1.0;1.0;1.0;1.0;1.0;1.0;1.0;1.0;1.0;0.0;1.0;0.0;0.0;1.0;1.0;1.0;0.0;1.0;0.0;2.0;1.0;0.0;1.0;0.0;-1.0;-2.0;2.0;0.0;0.0;-1.0;-2.0;2.0;0.0;0.0;-1.0;-2.0;-3.0;3.0;2.0;1.0;0.0;0.0;-2.0;-3.0;2.0;1.0;0.0;-1.0;0.0;0.0;2.0;0.0;-1.0;0.0;-2.0;0.0;0.0;0.0;0.0;0;0;1;0;0;1;0;0
0.0;-0.8;0.0;4.0;1.0;0.0;1.0;1.0;1.0;0.0;1.0;1.0;1.0;1.0;0.0;1.0;1.0;1.0;1.0;1.0;1.0;1.0;1.0;1.0;1.0;1.0;1.0;1.0;0.0;1.0;0.0;0.0;1.0;1.0;1.0;0.0;1.0;0.0;2.0;1.0;0.0;1.0;0.0;-1.0;-2.0;2.0;0.0;0.0;-1.0;-2.0;2.0;0.0;0.0;-1.0;-2.0;-3.0;3.0;2.0;1.0;0.0;0.0;-2.0;-3.0;2.0;1.0;0.0;-1.0;0.0;0.0;2.0;0.0;-1.0;0.0;-2.0;0.0;0.0;0.0;0.0;0;0;1;0;0;0;0;1
0.0;-0.8;0.0;3.0;1.0;0.0;1.0;1.0;1.0;0.0;1.0;1.0;1.0;1.0;0.0;1.0;1.0;1.0;1.0;1.0;1.0;1.0;1.0;1.0;1.0;1.0;1.0;1.0;0.0;1.0;0.0;0.0;1.0;1.0;1.0;0.0;1.0;0.0;2.0;1.0;0.0;1.0;0.0;-1.0;-2.0;2.0;0.0;0.0;-1.0;-2.0;2.0;0.0;0.0;-1.0;-2.0;-3.0;3.0;2.0;1.0;0.0;0.0;-2.0;-3.0;2.0;1.0;0.0;-1.0;0.0;0.0;2.0;0.0;-1.0;0.0;-2.0;0.0;0.0;0.0;0.0;0;1;0;0;0;0;1;0
0.0;-0.67;1.0;3.0;1.0;1.0;0.0;1.0;1.0;1.0;0.0;1.0;1.0;0.0;1.0;0.0;1.0;1.0;1.0;0.0;1.0;1.0;1.0;1.0;1.0;1.0;1.0;1.0;1.0;0.0;1.0;0.0;1.0;1.0;1.0;1.0;0.0;1.0;0.0;2.0;1.0;1.0;0.0;0.0;-2.0;2.0;1.0;0.0;-1.0;-2.0;0.0;1.0;0.0;-1.0;-2.0;-3.0;0.0;2.0;1.0;0.0;-1.0;-1.0;-3.0;2.0;1.0;0.0;0.0;-2.0;0.0;2.0;1.0;-1.0;-2.0;0.0;3.0;0.0;-1.0;-1.0;0;0;1;0;0;0;0;1
0.0;-0.71;1.0;2.0;1.0;1.0;0.0;1.0;0.0;1.0;0.0;1.0;1.0;0.0;1.0;1.0;1.0;1.0;1.0;1.0;1.0;1.0;1.0;0.0;1.0;0.0;1.0;1.0;1.0;1.0;1.0;0.0;0.0;1.0;0.0;2.0;1.0;1.0;0.0;0.0;1.0;2.0;1.0;0.0;-1.0;0.0;1.0;0.0;-1.0;-2.0;0.0;2.0;1.0;0.0;-1.0;-1.0;2.0;2.0;1.0;0.0;0.0;-2.0;0.0;3.0;2.0;1.0;-1.0;-2.0;0.0;0.0;3.0;0.0;-1.0;-1.0;4.0;0.0;0.0;0.0;0;0;1;0;0;0;1;0
0.0;-0.71;0.0;2.0;1.0;1.0;0.0;1.0;0.0;1.0;0.0;1.0;1.0;0.0;1.0;1.0;1.0;1.0;1.0;1.0;1.0;1.0;1.0;0.0;1.0;0.0;1.0;1.0;1.0;1.0;1.0;0.0;0.0;1.0;0.0;2.0;1.0;1.0;0.0;0.0;1.0;2.0;1.0;0.0;-1.0;0.0;1.0;0.0;-1.0;-2.0;0.0;2.0;1.0;0.0;-1.0;-1.0;2.0;2.0;1.0;0.0;0.0;-2.0;0.0;3.0;2.0;1.0;-1.0;-2.0;0.0;0.0;3.0;0.0;-1.0;-1.0;4.0;0.0;0.0;0.0;0;1;0;0;0;0;1;0
0.0;-0.76;1.0;2.0;0.0;1.0;0.0;1.0;0.0;1.0;1.0;1.0;1.0;1.0;1.0;1.0;1.0;0.0;1.0;0.0;1.0;1.0;1.0;1.0;1.0;0.0;1.0;0.0;1.0;0.0;2.0;1.0;1.0;1.0;0.0;0.0;1.0;0.0;1.0;1.0;2.0;0.0;0.0;0.0;-2.0;0.0;1.0;0.0;-1.0;-2.0;1.0;1.0;0.0;-1.0;0.0;-3.0;0.0;2.0;1.0;0.0;-2.0;-3.0;0.0;3.0;0.0;2.0;0.0;-2.0;-2.0;4.0;3.0;0.0;0.0;-1.0;0.0;3.0;2.0;0.0;0;0;0;1;0;0;1;0
0.0;-0.76;0.0;2.0;0.0;1.0;0.0;1.0;0.0;1.0;1.0;1.0;1.0;1.0;1.0;1.0;1.0;0.0;1.0;0.0;1.0;1.0;1.0;1.0;1.0;0.0;1.0;0.0;1.0;0.0;2.0;1.0;1.0;1.0;0.0;0.0;1.0;0.0;1.0;1.0;2.0;0.0;0.0;0.0;-2.0;0.0;1.0;0.0;-1.0;-2.0;1.0;1.0;0.0;-1.0;0.0;-3.0;0.0;2.0;1.0;0.0;-2.0;-3.0;0.0;3.0;0.0;2.0;0.0;-2.0;-2.0;4.0;3.0;0.0;0.0;-1.0;0.0;3.0;2.0;0.0;0;0;1;0;0;1;0;0
0.0;-0.76;0.0;3.0;0.0;1.0;0.0;1.0;0.0;1.0;1.0;1.0;1.0;1.0;1.0;1.0;1.0;0.0;1.0;0.0;1.0;1.0;1.0;1.0;1.0;0.0;1.0;0.0;1.0;0.0;2.0;1.0;1.0;1.0;0.0;0.0;1.0;0.0;1.0;1.0;2.0;0.0;0.0;0.0;-2.0;0.0;1.0;0.0;-1.0;-2.0;1.0;1.0;0.0;-1.0;0.0;-3.0;0.0;2.0;1.0;0.0;-2.0;-3.0;0.0;3.0;0.0;2.0;0.0;-2.0;-2.0;4.0;3.0;0.0;0.0;-1.0;0.0;3.0;2.0;0.0;0;1;0;0;0;0;1;0
0.0;-0.06;1.0;3.0;3.0;3.0;0.0;1.0;1.0;1.0;0.0;1.0;1.0;1.0;1.0;1.0;1.0;1.0;1.0;0.0;1.0;0.0;1.0;1.0;1.0;1.0;0.0;1.0;1.0;0.0;1.0;0.0;1.0;1.0;1.0;1.0;0.0;1.0;1.0;0.0;1.0;1.0;0.0;0.0;-2.0;2.0;1.0;0.0;-1.0;-2.0;2.0;2.0;-1.0;-1.0;-2.0;-3.0;0.0;2.0;0.0;0.0;-1.0;-2.0;-4.0;0.0;2.0;1.0;0.0;0.0;0.0;4.0;3.0;2.0;1.0;0.0;4.0;3.0;0.0;1.0;0;0;1;0;0;0;1;0
0.0;0.07;0.0;3.0;1.0;3.0;3.0;0.0;0.0;1.0;1.0;0.0;1.0;1.0;1.0;1.0;1.0;1.0;1.0;2.0;0.0;1.0;0.0;1.0;1.0;1.0;1.0;0.0;1.0;1.0;0.0;1.0;1.0;1.0;1.0;1.0;1.0;1.0;1.0;1.0;0.0;709.0;708.0;707.0;0.0;0.0;709.0;708.0;0.0;706.0;710.0;709.0;709.0;706.0;706.0;705.0;712.0;0.0;709.0;0.0;707.0;706.0;705.0;711.0;0.0;709.0;708.0;0.0;707.0;712.0;711.0;710.0;709.0;708.0;712.0;711.0;710.0;0.0;0;0;1;0;0;0;0;1
0.0;1.01;0.0;2.0;1.0;1.0;1.0;1.0;1.0;0.0;1.0;1.0;2.0;1.0;1.0;1.0;1.0;1.0;1.0;1.0;1.0;1.0;1.0;3.0;3.0;1.0;1.0;0.0;1.0;1.0;1.0;0.0;3.0;0.0;3.0;1.0;0.0;0.0;1.0;1.0;1.0;0.0;-1.0;-2.0;-3.0;2.0;0.0;0.0;-1.0;-2.0;3.0;1.0;0.0;-1.0;-1.0;-2.0;3.0;2.0;1.0;0.0;-1.0;-2.0;-3.0;3.0;0.0;1.0;0.0;-1.0;0.0;1.0;0.0;0.0;-2.0;0.0;0.0;1.0;0.0;-1.0;0;1;0;0;0;0;1;0
0.0;1.01;1.0;2.0;1.0;1.0;1.0;1.0;1.0;0.0;1.0;1.0;2.0;1.0;1.0;1.0;1.0;1.0;1.0;1.0;1.0;1.0;1.0;3.0;3.0;1.0;1.0;0.0;1.0;1.0;1.0;0.0;3.0;0.0;3.0;1.0;0.0;0.0;1.0;1.0;1.0;0.0;-1.0;-2.0;-3.0;2.0;0.0;0.0;-1.0;-2.0;3.0;1.0;0.0;-1.0;-1.0;-2.0;3.0;2.0;1.0;0.0;-1.0;-2.0;-3.0;3.0;0.0;1.0;0.0;-1.0;0.0;1.0;0.0;0.0;-2.0;0.0;0.0;1.0;0.0;-1.0;0;0;0;1;0;0;0;1
0.0;1.01;0.0;1.0;1.0;1.0;1.0;1.0;1.0;0.0;1.0;1.0;2.0;1.0;1.0;1.0;1.0;1.0;1.0;1.0;1.0;1.0;1.0;3.0;3.0;1.0;1.0;0.0;1.0;1.0;1.0;0.0;3.0;0.0;3.0;1.0;0.0;0.0;1.0;1.0;1.0;0.0;-1.0;-2.0;-3.0;2.0;0.0;0.0;-1.0;-2.0;3.0;1.0;0.0;-1.0;-1.0;-2.0;3.0;2.0;1.0;0.0;-1.0;-2.0;-3.0;3.0;0.0;1.0;0.0;-1.0;0.0;1.0;0.0;0.0;-2.0;0.0;0.0;1.0;0.0;-1.0;0;0;1;0;0;1;0;0
0.0;1.01;0.0;2.0;1.0;1.0;1.0;1.0;1.0;0.0;1.0;1.0;2.0;1.0;1.0;1.0;1.0;1.0;1.0;1.0;1.0;1.0;1.0;3.0;3.0;1.0;1.0;0.0;1.0;1.0;1.0;0.0;3.0;0.0;3.0;1.0;0.0;0.0;1.0;1.0;1.0;0.0;-1.0;-2.0;-3.0;2.0;0.0;0.0;-1.0;-2.0;3.0;1.0;0.0;-1.0;-1.0;-2.0;3.0;2.0;1.0;0.0;-1.0;-2.0;-3.0;3.0;0.0;1.0;0.0;-1.0;0.0;1.0;0.0;0.0;-2.0;0.0;0.0;1.0;0.0;-1.0;0;0;1;0;0;0;0;1
0.0;1.01;0.0;1.0;1.0;1.0;1.0;1.0;1.0;0.0;1.0;1.0;2.0;1.0;1.0;1.0;1.0;1.0;1.0;1.0;1.0;1.0;1.0;3.0;3.0;1.0;1.0;0.0;1.0;1.0;1.0;0.0;3.0;0.0;3.0;1.0;0.0;0.0;1.0;1.0;1.0;0.0;-1.0;-2.0;-3.0;2.0;0.0;0.0;-1.0;-2.0;3.0;1.0;0.0;-1.0;-1.0;-2.0;3.0;2.0;1.0;0.0;-1.0;-2.0;-3.0;3.0;0.0;1.0;0.0;-1.0;0.0;1.0;0.0;0.0;-2.0;0.0;0.0;1.0;0.0;-1.0;0;0;1;0;0;0;0;1
0.0;1.01;0.0;0.0;1.0;1.0;1.0;1.0;1.0;0.0;1.0;1.0;2.0;1.0;1.0;1.0;1.0;1.0;1.0;1.0;1.0;1.0;1.0;3.0;3.0;1.0;1.0;0.0;1.0;1.0;1.0;0.0;3.0;0.0;3.0;1.0;0.0;0.0;1.0;1.0;1.0;0.0;-1.0;-2.0;-3.0;2.0;0.0;0.0;-1.0;-2.0;3.0;1.0;0.0;-1.0;-1.0;-2.0;3.0;2.0;1.0;0.0;-1.0;-2.0;-3.0;3.0;0.0;1.0;0.0;-1.0;0.0;1.0;0.0;0.0;-2.0;0.0;0.0;1.0;0.0;-1.0;0;0;1;0;0;0;0;1
0.0;1.01;0.0;5.0;1.0;1.0;1.0;1.0;1.0;0.0;1.0;1.0;2.0;1.0;1.0;1.0;1.0;1.0;1.0;1.0;1.0;1.0;1.0;3.0;3.0;1.0;1.0;0.0;1.0;1.0;1.0;0.0;3.0;0.0;3.0;1.0;0.0;0.0;1.0;1.0;1.0;0.0;-1.0;-2.0;-3.0;2.0;0.0;0.0;-1.0;-2.0;3.0;1.0;0.0;-1.0;-1.0;-2.0;3.0;2.0;1.0;0.0;-1.0;-2.0;-3.0;3.0;0.0;1.0;0.0;-1.0;0.0;1.0;0.0;0.0;-2.0;0.0;0.0;1.0;0.0;-1.0;0;1;0;0;0;0;1;0
0.0;1.01;2.0;5.0;1.0;1.0;1.0;1.0;1.0;0.0;1.0;1.0;2.0;1.0;1.0;1.0;1.0;1.0;1.0;1.0;1.0;1.0;1.0;3.0;3.0;1.0;1.0;0.0;1.0;1.0;1.0;0.0;3.0;0.0;3.0;1.0;0.0;0.0;1.0;1.0;1.0;0.0;-1.0;-2.0;-3.0;2.0;0.0;0.0;-1.0;-2.0;3.0;1.0;0.0;-1.0;-1.0;-2.0;3.0;2.0;1.0;0.0;-1.0;-2.0;-3.0;3.0;0.0;1.0;0.0;-1.0;0.0;1.0;0.0;0.0;-2.0;0.0;0.0;1.0;0.0;-1.0;0;0;1;0;0;1;0;0
0.0;0.92;1.0;0.0;1.0;1.0;1.0;1.0;1.0;1.0;2.0;0.0;1.0;1.0;1.0;1.0;1.0;0.0;1.0;1.0;1.0;3.0;3.0;1.0;1.0;1.0;1.0;1.0;1.0;0.0;1.0;1.0;3.0;1.0;0.0;1.0;1.0;1.0;1.0;1.0;1.0;0.0;-1.0;-2.0;-3.0;2.0;1.0;0.0;0.0;-3.0;2.0;1.0;1.0;0.0;0.0;-3.0;3.0;2.0;1.0;0.0;-1.0;-2.0;-4.0;3.0;2.0;1.0;0.0;-1.0;-3.0;2.0;0.0;0.0;-1.0;-2.0;2.0;1.0;0.0;0.0;0;0;1;0;0;0;0;1
0.0;0.83;1.0;5.0;1.0;1.0;1.0;0.0;1.0;1.0;1.0;1.0;1.0;1.0;1.0;2.0;0.0;1.0;1.0;1.0;1.0;1.0;1.0;0.0;1.0;2.0;1.0;3.0;3.0;1.0;1.0;1.0;1.0;1.0;0.0;1.0;1.0;1.0;0.0;1.0;1.0;-2.0;-2.0;-3.0;0.0;0.0;-1.0;-2.0;-3.0;-5.0;2.0;1.0;0.0;0.0;-3.0;-4.0;2.0;1.0;1.0;0.0;0.0;-3.0;-5.0;2.0;1.0;0.0;-1.0;-2.0;-4.0;2.0;1.0;0.0;-1.0;-3.0;0.0;0.0;-1.0;-2.0;0;0;1;0;0;1;0;0
0.0;0.83;0.0;0.0;1.0;1.0;1.0;0.0;1.0;1.0;1.0;1.0;1.0;1.0;1.0;2.0;0.0;1.0;1.0;1.0;1.0;1.0;1.0;0.0;1.0;2.0;1.0;3.0;3.0;1.0;1.0;1.0;1.0;1.0;0.0;1.0;1.0;1.0;0.0;1.0;1.0;-2.0;-2.0;-3.0;0.0;0.0;-1.0;-2.0;-3.0;-5.0;2.0;1.0;0.0;0.0;-3.0;-4.0;2.0;1.0;1.0;0.0;0.0;-3.0;-5.0;2.0;1.0;0.0;-1.0;-2.0;-4.0;2.0;1.0;0.0;-1.0;-3.0;0.0;0.0;-1.0;-2.0;0;0;1;0;0;1;0;0
0.0;0.83;0.0;1.0;1.0;1.0;1.0;0.0;1.0;1.0;1.0;1.0;1.0;1.0;1.0;2.0;0.0;1.0;1.0;1.0;1.0;1.0;1.0;0.0;1.0;2.0;1.0;3.0;3.0;1.0;1.0;1.0;1.0;1.0;0.0;1.0;1.0;1.0;0.0;1.0;1.0;-2.0;-2.0;-3.0;0.0;0.0;-1.0;-2.0;-3.0;-5.0;2.0;1.0;0.0;0.0;-3.0;-4.0;2.0;1.0;1.0;0.0;0.0;-3.0;-5.0;2.0;1.0;0.0;-1.0;-2.0;-4.0;2.0;1.0;0.0;-1.0;-3.0;0.0;0.0;-1.0;-2.0;0;0;1;0;0;1;0;0
0.0;0.83;0.0;2.0;1.0;1.0;1.0;0.0;1.0;1.0;1.0;1.0;1.0;1.0;1.0;2.0;0.0;1.0;1.0;1.0;1.0;1.0;1.0;0.0;1.0;2.0;1.0;3.0;3.0;1.0;1.0;1.0;1.0;1.0;0.0;1.0;1.0;1.0;0.0;1.0;1.0;-2.0;-2.0;-3.0;0.0;0.0;-1.0;-2.0;-3.0;-5.0;2.0;1.0;0.0;0.0;-3.0;-4.0;2.0;1.0;1.0;0.0;0.0;-3.0;-5.0;2.0;1.0;0.0;-1.0;-2.0;-4.0;2.0;1.0;0.0;-1.0;-3.0;0.0;0.0;-1.0;-2.0;0;0;1;0;0;1;0;0
0.0;0.83;0.0;3.0;1.0;1.0;1.0;0.0;1.0;1.0;1.0;1.0;1.0;1.0;1.0;2.0;0.0;1.0;1.0;1.0;1.0;1.0;1.0;0.0;1.0;2.0;1.0;3.0;3.0;1.0;1.0;1.0;1.0;1.0;0.0;1.0;1.0;1.0;0.0;1.0;1.0;-2.0;-2.0;-3.0;0.0;0.0;-1.0;-2.0;-3.0;-5.0;2.0;1.0;0.0;0.0;-3.0;-4.0;2.0;1.0;1.0;0.0;0.0;-3.0;-5.0;2.0;1.0;0.0;-1.0;-2.0;-4.0;2.0;1.0;0.0;-1.0;-3.0;0.0;0.0;-1.0;-2.0;0;0;1;0;0;1;0;0
0.0;0.83;0.0;4.0;1.0;1.0;1.0;0.0;1.0;1.0;1.0;1.0;1.0;1.0;1.0;2.0;0.0;1.0;1.0;1.0;1.0;1.0;1.0;0.0;1.0;2.0;1.0;3.0;3.0;1.0;1.0;1.0;1.0;1.0;0.0;1.0;1.0;1.0;0.0;1.0;1.0;-2.0;-2.0;-3.0;0.0;0.0;-1.0;-2.0;-3.0;-5.0;2.0;1.0;0.0;0.0;-3.0;-4.0;2.0;1.0;1.0;0.0;0.0;-3.0;-5.0;2.0;1.0;0.0;-1.0;-2.0;-4.0;2.0;1.0;0.0;-1.0;-3.0;0.0;0.0;-1.0;-2.0;0;0;1;0;0;1;0;0
0.0;0.83;0.0;5.0;1.0;1.0;1.0;0.0;1.0;1.0;1.0;1.0;1.0;1.0;1.0;2.0;0.0;1.0;1.0;1.0;1.0;1.0;1.0;0.0;1.0;2.0;1.0;3.0;3.0;1.0;1.0;1.0;1.0;1.0;0.0;1.0;1.0;1.0;0.0;1.0;1.0;-2.0;-2.0;-3.0;0.0;0.0;-1.0;-2.0;-3.0;-5.0;2.0;1.0;0.0;0.0;-3.0;-4.0;2.0;1.0;1.0;0.0;0.0;-3.0;-5.0;2.0;1.0;0.0;-1.0;-2.0;-4.0;2.0;1.0;0.0;-1.0;-3.0;0.0;0.0;-1.0;-2.0;0;0;1;0;0;1;0;0
0.0;0.83;0.0;0.0;1.0;1.0;1.0;0.0;1.0;1.0;1.0;1.0;1.0;1.0;1.0;2.0;0.0;1.0;1.0;1.0;1.0;1.0;1.0;0.0;1.0;2.0;1.0;3.0;3.0;1.0;1.0;1.0;1.0;1.0;0.0;1.0;1.0;1.0;0.0;1.0;1.0;-2.0;-2.0;-3.0;0.0;0.0;-1.0;-2.0;-3.0;-5.0;2.0;1.0;0.0;0.0;-3.0;-4.0;2.0;1.0;1.0;0.0;0.0;-3.0;-5.0;2.0;1.0;0.0;-1.0;-2.0;-4.0;2.0;1.0;0.0;-1.0;-3.0;0.0;0.0;-1.0;-2.0;0;0;1;0;0;1;0;0
0.0;0.83;0.0;1.0;1.0;1.0;1.0;0.0;1.0;1.0;1.0;1.0;1.0;1.0;1.0;2.0;0.0;1.0;1.0;1.0;1.0;1.0;1.0;0.0;1.0;2.0;1.0;3.0;3.0;1.0;1.0;1.0;1.0;1.0;0.0;1.0;1.0;1.0;0.0;1.0;1.0;-2.0;-2.0;-3.0;0.0;0.0;-1.0;-2.0;-3.0;-5.0;2.0;1.0;0.0;0.0;-3.0;-4.0;2.0;1.0;1.0;0.0;0.0;-3.0;-5.0;2.0;1.0;0.0;-1.0;-2.0;-4.0;2.0;1.0;0.0;-1.0;-3.0;0.0;0.0;-1.0;-2.0;0;0;1;0;0;1;0;0
0.0;0.83;0.0;2.0;1.0;1.0;1.0;0.0;1.0;1.0;1.0;1.0;1.0;1.0;1.0;2.0;0.0;1.0;1.0;1.0;1.0;1.0;1.0;0.0;1.0;2.0;1.0;3.0;3.0;1.0;1.0;1.0;1.0;1.0;0.0;1.0;1.0;1.0;0.0;1.0;1.0;-2.0;-2.0;-3.0;0.0;0.0;-1.0;-2.0;-3.0;-5.0;2.0;1.0;0.0;0.0;-3.0;-4.0;2.0;1.0;1.0;0.0;0.0;-3.0;-5.0;2.0;1.0;0.0;-1.0;-2.0;-4.0;2.0;1.0;0.0;-1.0;-3.0;0.0;0.0;-1.0;-2.0;0;0;1;0;0;0;0;1
0.0;0.83;0.0;1.0;1.0;1.0;1.0;0.0;1.0;1.0;1.0;1.0;1.0;1.0;1.0;2.0;0.0;1.0;1.0;1.0;1.0;1.0;1.0;0.0;1.0;2.0;1.0;3.0;3.0;1.0;1.0;1.0;1.0;1.0;0.0;1.0;1.0;1.0;0.0;1.0;1.0;-2.0;-2.0;-3.0;0.0;0.0;-1.0;-2.0;-3.0;-5.0;2.0;1.0;0.0;0.0;-3.0;-4.0;2.0;1.0;1.0;0.0;0.0;-3.0;-5.0;2.0;1.0;0.0;-1.0;-2.0;-4.0;2.0;1.0;0.0;-1.0;-3.0;0.0;0.0;-1.0;-2.0;0;0;1;0;0;1;0;0
0.0;0.83;0.0;2.0;1.0;1.0;1.0;0.0;1.0;1.0;1.0;1.0;1.0;1.0;1.0;2.0;0.0;1.0;1.0;1.0;1.0;1.0;1.0;0.0;1.0;2.0;1.0;3.0;3.0;1.0;1.0;1.0;1.0;1.0;0.0;1.0;1.0;1.0;0.0;1.0;1.0;-2.0;-2.0;-3.0;0.0;0.0;-1.0;-2.0;-3.0;-5.0;2.0;1.0;0.0;0.0;-3.0;-4.0;2.0;1.0;1.0;0.0;0.0;-3.0;-5.0;2.0;1.0;0.0;-1.0;-2.0;-4.0;2.0;1.0;0.0;-1.0;-3.0;0.0;0.0;-1.0;-2.0;0;0;1;0;0;1;0;0
0.0;0.83;0.0;3.0;1.0;1.0;1.0;0.0;1.0;1.0;1.0;1.0;1.0;1.0;1.0;2.0;0.0;1.0;1.0;1.0;1.0;1.0;1.0;0.0;1.0;2.0;1.0;3.0;3.0;1.0;1.0;1.0;1.0;1.0;0.0;1.0;1.0;1.0;0.0;1.0;1.0;-2.0;-2.0;-3.0;0.0;0.0;-1.0;-2.0;-3.0;-5.0;2.0;1.0;0.0;0.0;-3.0;-4.0;2.0;1.0;1.0;0.0;0.0;-3.0;-5.0;2.0;1.0;0.0;-1.0;-2.0;-4.0;2.0;1.0;0.0;-1.0;-3.0;0.0;0.0;-1.0;-2.0;0;0;1;0;0;1;0;0
0.0;0.83;0.0;4.0;1.0;1.0;1.0;0.0;1.0;1.0;1.0;1.0;1.0;1.0;1.0;2.0;0.0;1.0;1.0;1.0;1.0;1.0;1.0;0.0;1.0;2.0;1.0;3.0;3.0;1.0;1.0;1.0;1.0;1.0;0.0;1.0;1.0;1.0;0.0;1.0;1.0;-2.0;-2.0;-3.0;0.0;0.0;-1.0;-2.0;-3.0;-5.0;2.0;1.0;0.0;0.0;-3.0;-4.0;2.0;1.0;1.0;0.0;0.0;-3.0;-5.0;2.0;1.0;0.0;-1.0;-2.0;-4.0;2.0;1.0;0.0;-1.0;-3.0;0.0;0.0;-1.0;-2.0;0;0;1;0;0;1;0;0
0.0;0.83;0.0;5.0;1.0;1.0;1.0;0.0;1.0;1.0;1.0;1.0;1.0;1.0;1.0;2.0;0.0;1.0;1.0;1.0;1.0;1.0;1.0;0.0;1.0;2.0;1.0;3.0;3.0;1.0;1.0;1.0;1.0;1.0;0.0;1.0;1.0;1.0;0.0;1.0;1.0;-2.0;-2.0;-3.0;0.0;0.0;-1.0;-2.0;-3.0;-5.0;2.0;1.0;0.0;0.0;-3.0;-4.0;2.0;1.0;1.0;0.0;0.0;-3.0;-5.0;2.0;1.0;0.0;-1.0;-2.0;-4.0;2.0;1.0;0.0;-1.0;-3.0;0.0;0.0;-1.0;-2.0;0;0;1;0;0;1;0;0
0.0;0.83;0.0;0.0;1.0;1.0;1.0;0.0;1.0;1.0;1.0;1.0;1.0;1.0;1.0;2.0;0.0;1.0;1.0;1.0;1.0;1.0;1.0;0.0;1.0;2.0;1.0;3.0;3.0;1.0;1.0;1.0;1.0;1.0;0.0;1.0;1.0;1.0;0.0;1.0;1.0;-2.0;-2.0;-3.0;0.0;0.0;-1.0;-2.0;-3.0;-5.0;2.0;1.0;0.0;0.0;-3.0;-4.0;2.0;1.0;1.0;0.0;0.0;-3.0;-5.0;2.0;1.0;0.0;-1.0;-2.0;-4.0;2.0;1.0;0.0;-1.0;-3.0;0.0;0.0;-1.0;-2.0;0;0;1;0;0;1;0;0
0.0;0.83;0.0;1.0;1.0;1.0;1.0;0.0;1.0;1.0;1.0;1.0;1.0;1.0;1.0;2.0;0.0;1.0;1.0;1.0;1.0;1.0;1.0;0.0;1.0;2.0;1.0;3.0;3.0;1.0;1.0;1.0;1.0;1.0;0.0;1.0;1.0;1.0;0.0;1.0;1.0;-2.0;-2.0;-3.0;0.0;0.0;-1.0;-2.0;-3.0;-5.0;2.0;1.0;0.0;0.0;-3.0;-4.0;2.0;1.0;1.0;0.0;0.0;-3.0;-5.0;2.0;1.0;0.0;-1.0;-2.0;-4.0;2.0;1.0;0.0;-1.0;-3.0;0.0;0.0;-1.0;-2.0;0;0;1;0;0;1;0;0
0.0;0.83;0.0;2.0;1.0;1.0;1.0;0.0;1.0;1.0;1.0;1.0;1.0;1.0;1.0;2.0;0.0;1.0;1.0;1.0;1.0;1.0;1.0;0.0;1.0;2.0;1.0;3.0;3.0;1.0;1.0;1.0;1.0;1.0;0.0;1.0;1.0;1.0;0.0;1.0;1.0;-2.0;-2.0;-3.0;0.0;0.0;-1.0;-2.0;-3.0;-5.0;2.0;1.0;0.0;0.0;-3.0;-4.0;2.0;1.0;1.0;0.0;0.0;-3.0;-5.0;2.0;1.0;0.0;-1.0;-2.0;-4.0;2.0;1.0;0.0;-1.0;-3.0;0.0;0.0;-1.0;-2.0;0;0;1;0;0;1;0;0
0.0;0.83;0.0;3.0;1.0;1.0;1.0;0.0;1.0;1.0;1.0;1.0;1.0;1.0;1.0;2.0;0.0;1.0;1.0;1.0;1.0;1.0;1.0;0.0;1.0;2.0;1.0;3.0;3.0;1.0;1.0;1.0;1.0;1.0;0.0;1.0;1.0;1.0;0.0;1.0;1.0;-2.0;-2.0;-3.0;0.0;0.0;-1.0;-2.0;-3.0;-5.0;2.0;1.0;0.0;0.0;-3.0;-4.0;2.0;1.0;1.0;0.0;0.0;-3.0;-5.0;2.0;1.0;0.0;-1.0;-2.0;-4.0;2.0;1.0;0.0;-1.0;-3.0;0.0;0.0;-1.0;-2.0;0;0;1;0;0;1;0;0
0.0;0.83;0.0;4.0;1.0;1.0;1.0;0.0;1.0;1.0;1.0;1.0;1.0;1.0;1.0;2.0;0.0;1.0;1.0;1.0;1.0;1.0;1.0;0.0;1.0;2.0;1.0;3.0;3.0;1.0;1.0;1.0;1.0;1.0;0.0;1.0;1.0;1.0;0.0;1.0;1.0;-2.0;-2.0;-3.0;0.0;0.0;-1.0;-2.0;-3.0;-5.0;2.0;1.0;0.0;0.0;-3.0;-4.0;2.0;1.0;1.0;0.0;0.0;-3.0;-5.0;2.0;1.0;0.0;-1.0;-2.0;-4.0;2.0;1.0;0.0;-1.0;-3.0;0.0;0.0;-1.0;-2.0;0;0;1;0;0;1;0;0
0.0;0.83;0.0;5.0;1.0;1.0;1.0;0.0;1.0;1.0;1.0;1.0;1.0;1.0;1.0;2.0;0.0;1.0;1.0;1.0;1.0;1.0;1.0;0.0;1.0;2.0;1.0;3.0;3.0;1.0;1.0;1.0;1.0;1.0;0.0;1.0;1.0;1.0;0.0;1.0;1.0;-2.0;-2.0;-3.0;0.0;0.0;-1.0;-2.0;-3.0;-5.0;2.0;1.0;0.0;0.0;-3.0;-4.0;2.0;1.0;1.0;0.0;0.0;-3.0;-5.0;2.0;1.0;0.0;-1.0;-2.0;-4.0;2.0;1.0;0.0;-1.0;-3.0;0.0;0.0;-1.0;-2.0;0;0;1;0;0;1;0;0
0.0;0.83;0.0;0.0;1.0;1.0;1.0;0.0;1.0;1.0;1.0;1.0;1.0;1.0;1.0;2.0;0.0;1.0;1.0;1.0;1.0;1.0;1.0;0.0;1.0;2.0;1.0;3.0;3.0;1.0;1.0;1.0;1.0;1.0;0.0;1.0;1.0;1.0;0.0;1.0;1.0;-2.0;-2.0;-3.0;0.0;0.0;-1.0;-2.0;-3.0;-5.0;2.0;1.0;0.0;0.0;-3.0;-4.0;2.0;1.0;1.0;0.0;0.0;-3.0;-5.0;2.0;1.0;0.0;-1.0;-2.0;-4.0;2.0;1.0;0.0;-1.0;-3.0;0.0;0.0;-1.0;-2.0;0;0;1;0;0;1;0;0
0.0;0.83;0.0;1.0;1.0;1.0;1.0;0.0;1.0;1.0;1.0;1.0;1.0;1.0;1.0;2.0;0.0;1.0;1.0;1.0;1.0;1.0;1.0;0.0;1.0;2.0;1.0;3.0;3.0;1.0;1.0;1.0;1.0;1.0;0.0;1.0;1.0;1.0;0.0;1.0;1.0;-2.0;-2.0;-3.0;0.0;0.0;-1.0;-2.0;-3.0;-5.0;2.0;1.0;0.0;0.0;-3.0;-4.0;2.0;1.0;1.0;0.0;0.0;-3.0;-5.0;2.0;1.0;0.0;-1.0;-2.0;-4.0;2.0;1.0;0.0;-1.0;-3.0;0.0;0.0;-1.0;-2.0;0;0;1;0;0;1;0;0
0.0;0.83;0.0;2.0;1.0;1.0;1.0;0.0;1.0;1.0;1.0;1.0;1.0;1.0;1.0;2.0;0.0;1.0;1.0;1.0;1.0;1.0;1.0;0.0;1.0;2.0;1.0;3.0;3.0;1.0;1.0;1.0;1.0;1.0;0.0;1.0;1.0;1.0;0.0;1.0;1.0;-2.0;-2.0;-3.0;0.0;0.0;-1.0;-2.0;-3.0;-5.0;2.0;1.0;0.0;0.0;-3.0;-4.0;2.0;1.0;1.0;0.0;0.0;-3.0;-5.0;2.0;1.0;0.0;-1.0;-2.0;-4.0;2.0;1.0;0.0;-1.0;-3.0;0.0;0.0;-1.0;-2.0;0;0;1;0;0;1;0;0
0.0;0.83;0.0;3.0;1.0;1.0;1.0;0.0;1.0;1.0;1.0;1.0;1.0;1.0;1.0;2.0;0.0;1.0;1.0;1.0;1.0;1.0;1.0;0.0;1.0;2.0;1.0;3.0;3.0;1.0;1.0;1.0;1.0;1.0;0.0;1.0;1.0;1.0;0.0;1.0;1.0;-2.0;-2.0;-3.0;0.0;0.0;-1.0;-2.0;-3.0;-5.0;2.0;1.0;0.0;0.0;-3.0;-4.0;2.0;1.0;1.0;0.0;0.0;-3.0;-5.0;2.0;1.0;0.0;-1.0;-2.0;-4.0;2.0;1.0;0.0;-1.0;-3.0;0.0;0.0;-1.0;-2.0;0;0;1;0;0;1;0;0
0.0;0.83;0.0;4.0;1.0;1.0;1.0;0.0;1.0;1.0;1.0;1.0;1.0;1.0;1.0;2.0;0.0;1.0;1.0;1.0;1.0;1.0;1.0;0.0;1.0;2.0;1.0;3.0;3.0;1.0;1.0;1.0;1.0;1.0;0.0;1.0;1.0;1.0;0.0;1.0;1.0;-2.0;-2.0;-3.0;0.0;0.0;-1.0;-2.0;-3.0;-5.0;2.0;1.0;0.0;0.0;-3.0;-4.0;2.0;1.0;1.0;0.0;0.0;-3.0;-5.0;2.0;1.0;0.0;-1.0;-2.0;-4.0;2.0;1.0;0.0;-1.0;-3.0;0.0;0.0;-1.0;-2.0;0;0;1;0;0;1;0;0
0.0;0.83;0.0;5.0;1.0;1.0;1.0;0.0;1.0;1.0;1.0;1.0;1.0;1.0;1.0;2.0;0.0;1.0;1.0;1.0;1.0;1.0;1.0;0.0;1.0;2.0;1.0;3.0;3.0;1.0;1.0;1.0;1.0;1.0;0.0;1.0;1.0;1.0;0.0;1.0;1.0;-2.0;-2.0;-3.0;0.0;0.0;-1.0;-2.0;-3.0;-5.0;2.0;1.0;0.0;0.0;-3.0;-4.0;2.0;1.0;1.0;0.0;0.0;-3.0;-5.0;2.0;1.0;0.0;-1.0;-2.0;-4.0;2.0;1.0;0.0;-1.0;-3.0;0.0;0.0;-1.0;-2.0;0;0;1;0;0;1;0;0
0.0;0.83;0.0;0.0;1.0;1.0;1.0;0.0;1.0;1.0;1.0;1.0;1.0;1.0;1.0;2.0;0.0;1.0;1.0;1.0;1.0;1.0;1.0;0.0;1.0;2.0;1.0;3.0;3.0;1.0;1.0;1.0;1.0;1.0;0.0;1.0;1.0;1.0;0.0;1.0;1.0;-2.0;-2.0;-3.0;0.0;0.0;-1.0;-2.0;-3.0;-5.0;2.0;1.0;0.0;0.0;-3.0;-4.0;2.0;1.0;1.0;0.0;0.0;-3.0;-5.0;2.0;1.0;0.0;-1.0;-2.0;-4.0;2.0;1.0;0.0;-1.0;-3.0;0.0;0.0;-1.0;-2.0;0;0;1;0;0;1;0;0
0.0;0.83;0.0;1.0;1.0;1.0;1.0;0.0;1.0;1.0;1.0;1.0;1.0;1.0;1.0;2.0;0.0;1.0;1.0;1.0;1.0;1.0;1.0;0.0;1.0;2.0;1.0;3.0;3.0;1.0;1.0;1.0;1.0;1.0;0.0;1.0;1.0;1.0;0.0;1.0;1.0;-2.0;-2.0;-3.0;0.0;0.0;-1.0;-2.0;-3.0;-5.0;2.0;1.0;0.0;0.0;-3.0;-4.0;2.0;1.0;1.0;0.0;0.0;-3.0;-5.0;2.0;1.0;0.0;-1.0;-2.0;-4.0;2.0;1.0;0.0;-1.0;-3.0;0.0;0.0;-1.0;-2.0;0;0;1;0;0;1;0;0
0.0;0.83;0.0;2.0;1.0;1.0;1.0;0.0;1.0;1.0;1.0;1.0;1.0;1.0;1.0;2.0;0.0;1.0;1.0;1.0;1.0;1.0;1.0;0.0;1.0;2.0;1.0;3.0;3.0;1.0;1.0;1.0;1.0;1.0;0.0;1.0;1.0;1.0;0.0;1.0;1.0;-2.0;-2.0;-3.0;0.0;0.0;-1.0;-2.0;-3.0;-5.0;2.0;1.0;0.0;0.0;-3.0;-4.0;2.0;1.0;1.0;0.0;0.0;-3.0;-5.0;2.0;1.0;0.0;-1.0;-2.0;-4.0;2.0;1.0;0.0;-1.0;-3.0;0.0;0.0;-1.0;-2.0;0;0;1;0;0;1;0;0
0.0;0.83;0.0;3.0;1.0;1.0;1.0;0.0;1.0;1.0;1.0;1.0;1.0;1.0;1.0;2.0;0.0;1.0;1.0;1.0;1.0;1.0;1.0;0.0;1.0;2.0;1.0;3.0;3.0;1.0;1.0;1.0;1.0;1.0;0.0;1.0;1.0;1.0;0.0;1.0;1.0;-2.0;-2.0;-3.0;0.0;0.0;-1.0;-2.0;-3.0;-5.0;2.0;1.0;0.0;0.0;-3.0;-4.0;2.0;1.0;1.0;0.0;0.0;-3.0;-5.0;2.0;1.0;0.0;-1.0;-2.0;-4.0;2.0;1.0;0.0;-1.0;-3.0;0.0;0.0;-1.0;-2.0;0;0;1;0;0;1;0;0
0.0;0.83;0.0;4.0;1.0;1.0;1.0;0.0;1.0;1.0;1.0;1.0;1.0;1.0;1.0;2.0;0.0;1.0;1.0;1.0;1.0;1.0;1.0;0.0;1.0;2.0;1.0;3.0;3.0;1.0;1.0;1.0;1.0;1.0;0.0;1.0;1.0;1.0;0.0;1.0;1.0;-2.0;-2.0;-3.0;0.0;0.0;-1.0;-2.0;-3.0;-5.0;2.0;1.0;0.0;0.0;-3.0;-4.0;2.0;1.0;1.0;0.0;0.0;-3.0;-5.0;2.0;1.0;0.0;-1.0;-2.0;-4.0;2.0;1.0;0.0;-1.0;-3.0;0.0;0.0;-1.0;-2.0;0;0;1;0;0;1;0;0
0.0;0.83;0.0;5.0;1.0;1.0;1.0;0.0;1.0;1.0;1.0;1.0;1.0;1.0;1.0;2.0;0.0;1.0;1.0;1.0;1.0;1.0;1.0;0.0;1.0;2.0;1.0;3.0;3.0;1.0;1.0;1.0;1.0;1.0;0.0;1.0;1.0;1.0;0.0;1.0;1.0;-2.0;-2.0;-3.0;0.0;0.0;-1.0;-2.0;-3.0;-5.0;2.0;1.0;0.0;0.0;-3.0;-4.0;2.0;1.0;1.0;0.0;0.0;-3.0;-5.0;2.0;1.0;0.0;-1.0;-2.0;-4.0;2.0;1.0;0.0;-1.0;-3.0;0.0;0.0;-1.0;-2.0;0;0;1;0;0;1;0;0
0.0;0.83;0.0;0.0;1.0;1.0;1.0;0.0;1.0;1.0;1.0;1.0;1.0;1.0;1.0;2.0;0.0;1.0;1.0;1.0;1.0;1.0;1.0;0.0;1.0;2.0;1.0;3.0;3.0;1.0;1.0;1.0;1.0;1.0;0.0;1.0;1.0;1.0;0.0;1.0;1.0;-2.0;-2.0;-3.0;0.0;0.0;-1.0;-2.0;-3.0;-5.0;2.0;1.0;0.0;0.0;-3.0;-4.0;2.0;1.0;1.0;0.0;0.0;-3.0;-5.0;2.0;1.0;0.0;-1.0;-2.0;-4.0;2.0;1.0;0.0;-1.0;-3.0;0.0;0.0;-1.0;-2.0;0;0;1;0;0;1;0;0
0.0;0.83;0.0;1.0;1.0;1.0;1.0;0.0;1.0;1.0;1.0;1.0;1.0;1.0;1.0;2.0;0.0;1.0;1.0;1.0;1.0;1.0;1.0;0.0;1.0;2.0;1.0;3.0;3.0;1.0;1.0;1.0;1.0;1.0;0.0;1.0;1.0;1.0;0.0;1.0;1.0;-2.0;-2.0;-3.0;0.0;0.0;-1.0;-2.0;-3.0;-5.0;2.0;1.0;0.0;0.0;-3.0;-4.0;2.0;1.0;1.0;0.0;0.0;-3.0;-5.0;2.0;1.0;0.0;-1.0;-2.0;-4.0;2.0;1.0;0.0;-1.0;-3.0;0.0;0.0;-1.0;-2.0;0;0;1;0;0;1;0;0
0.0;0.83;0.0;2.0;1.0;1.0;1.0;0.0;1.0;1.0;1.0;1.0;1.0;1.0;1.0;2.0;0.0;1.0;1.0;1.0;1.0;1.0;1.0;0.0;1.0;2.0;1.0;3.0;3.0;1.0;1.0;1.0;1.0;1.0;0.0;1.0;1.0;1.0;0.0;1.0;1.0;-2.0;-2.0;-3.0;0.0;0.0;-1.0;-2.0;-3.0;-5.0;2.0;1.0;0.0;0.0;-3.0;-4.0;2.0;1.0;1.0;0.0;0.0;-3.0;-5.0;2.0;1.0;0.0;-1.0;-2.0;-4.0;2.0;1.0;0.0;-1.0;-3.0;0.0;0.0;-1.0;-2.0;0;0;1;0;0;1;0;0
0.0;0.83;0.0;3.0;1.0;1.0;1.0;0.0;1.0;1.0;1.0;1.0;1.0;1.0;1.0;2.0;0.0;1.0;1.0;1.0;1.0;1.0;1.0;0.0;1.0;2.0;1.0;3.0;3.0;1.0;1.0;1.0;1.0;1.0;0.0;1.0;1.0;1.0;0.0;1.0;1.0;-2.0;-2.0;-3.0;0.0;0.0;-1.0;-2.0;-3.0;-5.0;2.0;1.0;0.0;0.0;-3.0;-4.0;2.0;1.0;1.0;0.0;0.0;-3.0;-5.0;2.0;1.0;0.0;-1.0;-2.0;-4.0;2.0;1.0;0.0;-1.0;-3.0;0.0;0.0;-1.0;-2.0;0;0;1;0;0;1;0;0
0.0;0.83;0.0;4.0;1.0;1.0;1.0;0.0;1.0;1.0;1.0;1.0;1.0;1.0;1.0;2.0;0.0;1.0;1.0;1.0;1.0;1.0;1.0;0.0;1.0;2.0;1.0;3.0;3.0;1.0;1.0;1.0;1.0;1.0;0.0;1.0;1.0;1.0;0.0;1.0;1.0;-2.0;-2.0;-3.0;0.0;0.0;-1.0;-2.0;-3.0;-5.0;2.0;1.0;0.0;0.0;-3.0;-4.0;2.0;1.0;1.0;0.0;0.0;-3.0;-5.0;2.0;1.0;0.0;-1.0;-2.0;-4.0;2.0;1.0;0.0;-1.0;-3.0;0.0;0.0;-1.0;-2.0;0;0;1;0;0;1;0;0
0.0;0.83;0.0;5.0;1.0;1.0;1.0;0.0;1.0;1.0;1.0;1.0;1.0;1.0;1.0;2.0;0.0;1.0;1.0;1.0;1.0;1.0;1.0;0.0;1.0;2.0;1.0;3.0;3.0;1.0;1.0;1.0;1.0;1.0;0.0;1.0;1.0;1.0;0.0;1.0;1.0;-2.0;-2.0;-3.0;0.0;0.0;-1.0;-2.0;-3.0;-5.0;2.0;1.0;0.0;0.0;-3.0;-4.0;2.0;1.0;1.0;0.0;0.0;-3.0;-5.0;2.0;1.0;0.0;-1.0;-2.0;-4.0;2.0;1.0;0.0;-1.0;-3.0;0.0;0.0;-1.0;-2.0;0;0;1;0;0;1;0;0
0.0;0.83;0.0;0.0;1.0;1.0;1.0;0.0;1.0;1.0;1.0;1.0;1.0;1.0;1.0;2.0;0.0;1.0;1.0;1.0;1.0;1.0;1.0;0.0;1.0;2.0;1.0;3.0;3.0;1.0;1.0;1.0;1.0;1.0;0.0;1.0;1.0;1.0;0.0;1.0;1.0;-2.0;-2.0;-3.0;0.0;0.0;-1.0;-2.0;-3.0;-5.0;2.0;1.0;0.0;0.0;-3.0;-4.0;2.0;1.0;1.0;0.0;0.0;-3.0;-5.0;2.0;1.0;0.0;-1.0;-2.0;-4.0;2.0;1.0;0.0;-1.0;-3.0;0.0;0.0;-1.0;-2.0;0;0;1;0;0;1;0;0
0.0;0.83;0.0;1.0;1.0;1.0;1.0;0.0;1.0;1.0;1.0;1.0;1.0;1.0;1.0;2.0;0.0;1.0;1.0;1.0;1.0;1.0;1.0;0.0;1.0;2.0;1.0;3.0;3.0;1.0;1.0;1.0;1.0;1.0;0.0;1.0;1.0;1.0;0.0;1.0;1.0;-2.0;-2.0;-3.0;0.0;0.0;-1.0;-2.0;-3.0;-5.0;2.0;1.0;0.0;0.0;-3.0;-4.0;2.0;1.0;1.0;0.0;0.0;-3.0;-5.0;2.0;1.0;0.0;-1.0;-2.0;-4.0;2.0;1.0;0.0;-1.0;-3.0;0.0;0.0;-1.0;-2.0;0;0;1;0;0;1;0;0
0.0;0.83;0.0;2.0;1.0;1.0;1.0;0.0;1.0;1.0;1.0;1.0;1.0;1.0;1.0;2.0;0.0;1.0;1.0;1.0;1.0;1.0;1.0;0.0;1.0;2.0;1.0;3.0;3.0;1.0;1.0;1.0;1.0;1.0;0.0;1.0;1.0;1.0;0.0;1.0;1.0;-2.0;-2.0;-3.0;0.0;0.0;-1.0;-2.0;-3.0;-5.0;2.0;1.0;0.0;0.0;-3.0;-4.0;2.0;1.0;1.0;0.0;0.0;-3.0;-5.0;2.0;1.0;0.0;-1.0;-2.0;-4.0;2.0;1.0;0.0;-1.0;-3.0;0.0;0.0;-1.0;-2.0;0;0;1;0;0;1;0;0
0.0;0.83;0.0;3.0;1.0;1.0;1.0;0.0;1.0;1.0;1.0;1.0;1.0;1.0;1.0;2.0;0.0;1.0;1.0;1.0;1.0;1.0;1.0;0.0;1.0;2.0;1.0;3.0;3.0;1.0;1.0;1.0;1.0;1.0;0.0;1.0;1.0;1.0;0.0;1.0;1.0;-2.0;-2.0;-3.0;0.0;0.0;-1.0;-2.0;-3.0;-5.0;2.0;1.0;0.0;0.0;-3.0;-4.0;2.0;1.0;1.0;0.0;0.0;-3.0;-5.0;2.0;1.0;0.0;-1.0;-2.0;-4.0;2.0;1.0;0.0;-1.0;-3.0;0.0;0.0;-1.0;-2.0;0;0;1;0;0;1;0;0
0.0;0.83;0.0;4.0;1.0;1.0;1.0;0.0;1.0;1.0;1.0;1.0;1.0;1.0;1.0;2.0;0.0;1.0;1.0;1.0;1.0;1.0;1.0;0.0;1.0;2.0;1.0;3.0;3.0;1.0;1.0;1.0;1.0;1.0;0.0;1.0;1.0;1.0;0.0;1.0;1.0;-2.0;-2.0;-3.0;0.0;0.0;-1.0;-2.0;-3.0;-5.0;2.0;1.0;0.0;0.0;-3.0;-4.0;2.0;1.0;1.0;0.0;0.0;-3.0;-5.0;2.0;1.0;0.0;-1.0;-2.0;-4.0;2.0;1.0;0.0;-1.0;-3.0;0.0;0.0;-1.0;-2.0;0;0;1;0;0;1;0;0
0.0;0.83;0.0;5.0;1.0;1.0;1.0;0.0;1.0;1.0;1.0;1.0;1.0;1.0;1.0;2.0;0.0;1.0;1.0;1.0;1.0;1.0;1.0;0.0;1.0;2.0;1.0;3.0;3.0;1.0;1.0;1.0;1.0;1.0;0.0;1.0;1.0;1.0;0.0;1.0;1.0;-2.0;-2.0;-3.0;0.0;0.0;-1.0;-2.0;-3.0;-5.0;2.0;1.0;0.0;0.0;-3.0;-4.0;2.0;1.0;1.0;0.0;0.0;-3.0;-5.0;2.0;1.0;0.0;-1.0;-2.0;-4.0;2.0;1.0;0.0;-1.0;-3.0;0.0;0.0;-1.0;-2.0;0;0;1;0;0;1;0;0
0.0;0.83;0.0;0.0;1.0;1.0;1.0;0.0;1.0;1.0;1.0;1.0;1.0;1.0;1.0;2.0;0.0;1.0;1.0;1.0;1.0;1.0;1.0;0.0;1.0;2.0;1.0;3.0;3.0;1.0;1.0;1.0;1.0;1.0;0.0;1.0;1.0;1.0;0.0;1.0;1.0;-2.0;-2.0;-3.0;0.0;0.0;-1.0;-2.0;-3.0;-5.0;2.0;1.0;0.0;0.0;-3.0;-4.0;2.0;1.0;1.0;0.0;0.0;-3.0;-5.0;2.0;1.0;0.0;-1.0;-2.0;-4.0;2.0;1.0;0.0;-1.0;-3.0;0.0;0.0;-1.0;-2.0;0;0;1;0;0;1;0;0
0.0;0.83;0.0;1.0;1.0;1.0;1.0;0.0;1.0;1.0;1.0;1.0;1.0;1.0;1.0;2.0;0.0;1.0;1.0;1.0;1.0;1.0;1.0;0.0;1.0;2.0;1.0;3.0;3.0;1.0;1.0;1.0;1.0;1.0;0.0;1.0;1.0;1.0;0.0;1.0;1.0;-2.0;-2.0;-3.0;0.0;0.0;-1.0;-2.0;-3.0;-5.0;2.0;1.0;0.0;0.0;-3.0;-4.0;2.0;1.0;1.0;0.0;0.0;-3.0;-5.0;2.0;1.0;0.0;-1.0;-2.0;-4.0;2.0;1.0;0.0;-1.0;-3.0;0.0;0.0;-1.0;-2.0;0;0;1;0;0;1;0;0
0.0;0.83;0.0;2.0;1.0;1.0;1.0;0.0;1.0;1.0;1.0;1.0;1.0;1.0;1.0;2.0;0.0;1.0;1.0;1.0;1.0;1.0;1.0;0.0;1.0;2.0;1.0;3.0;3.0;1.0;1.0;1.0;1.0;1.0;0.0;1.0;1.0;1.0;0.0;1.0;1.0;-2.0;-2.0;-3.0;0.0;0.0;-1.0;-2.0;-3.0;-5.0;2.0;1.0;0.0;0.0;-3.0;-4.0;2.0;1.0;1.0;0.0;0.0;-3.0;-5.0;2.0;1.0;0.0;-1.0;-2.0;-4.0;2.0;1.0;0.0;-1.0;-3.0;0.0;0.0;-1.0;-2.0;0;0;1;0;0;1;0;0
0.0;0.83;0.0;3.0;1.0;1.0;1.0;0.0;1.0;1.0;1.0;1.0;1.0;1.0;1.0;2.0;0.0;1.0;1.0;1.0;1.0;1.0;1.0;0.0;1.0;2.0;1.0;3.0;3.0;1.0;1.0;1.0;1.0;1.0;0.0;1.0;1.0;1.0;0.0;1.0;1.0;-2.0;-2.0;-3.0;0.0;0.0;-1.0;-2.0;-3.0;-5.0;2.0;1.0;0.0;0.0;-3.0;-4.0;2.0;1.0;1.0;0.0;0.0;-3.0;-5.0;2.0;1.0;0.0;-1.0;-2.0;-4.0;2.0;1.0;0.0;-1.0;-3.0;0.0;0.0;-1.0;-2.0;0;0;1;0;0;1;0;0
0.0;0.83;0.0;4.0;1.0;1.0;1.0;0.0;1.0;1.0;1.0;1.0;1.0;1.0;1.0;2.0;0.0;1.0;1.0;1.0;1.0;1.0;1.0;0.0;1.0;2.0;1.0;3.0;3.0;1.0;1.0;1.0;1.0;1.0;0.0;1.0;1.0;1.0;0.0;1.0;1.0;-2.0;-2.0;-3.0;0.0;0.0;-1.0;-2.0;-3.0;-5.0;2.0;1.0;0.0;0.0;-3.0;-4.0;2.0;1.0;1.0;0.0;0.0;-3.0;-5.0;2.0;1.0;0.0;-1.0;-2.0;-4.0;2.0;1.0;0.0;-1.0;-3.0;0.0;0.0;-1.0;-2.0;0;0;1;0;0;1;0;0
0.0;0.83;0.0;5.0;1.0;1.0;1.0;0.0;1.0;1.0;1.0;1.0;1.0;1.0;1.0;2.0;0.0;1.0;1.0;1.0;1.0;1.0;1.0;0.0;1.0;2.0;1.0;3.0;3.0;1.0;1.0;1.0;1.0;1.0;0.0;1.0;1.0;1.0;0.0;1.0;1.0;-2.0;-2.0;-3.0;0.0;0.0;-1.0;-2.0;-3.0;-5.0;2.0;1.0;0.0;0.0;-3.0;-4.0;2.0;1.0;1.0;0.0;0.0;-3.0;-5.0;2.0;1.0;0.0;-1.0;-2.0;-4.0;2.0;1.0;0.0;-1.0;-3.0;0.0;0.0;-1.0;-2.0;0;0;1;0;0;1;0;0
0.0;0.83;0.0;0.0;1.0;1.0;1.0;0.0;1.0;1.0;1.0;1.0;1.0;1.0;1.0;2.0;0.0;1.0;1.0;1.0;1.0;1.0;1.0;0.0;1.0;2.0;1.0;3.0;3.0;1.0;1.0;1.0;1.0;1.0;0.0;1.0;1.0;1.0;0.0;1.0;1.0;-2.0;-2.0;-3.0;0.0;0.0;-1.0;-2.0;-3.0;-5.0;2.0;1.0;0.0;0.0;-3.0;-4.0;2.0;1.0;1.0;0.0;0.0;-3.0;-5.0;2.0;1.0;0.0;-1.0;-2.0;-4.0;2.0;1.0;0.0;-1.0;-3.0;0.0;0.0;-1.0;-2.0;0;0;1;0;0;1;0;0
0.0;0.83;0.0;1.0;1.0;1.0;1.0;0.0;1.0;1.0;1.0;1.0;1.0;1.0;1.0;2.0;0.0;1.0;1.0;1.0;1.0;1.0;1.0;0.0;1.0;2.0;1.0;3.0;3.0;1.0;1.0;1.0;1.0;1.0;0.0;1.0;1.0;1.0;0.0;1.0;1.0;-2.0;-2.0;-3.0;0.0;0.0;-1.0;-2.0;-3.0;-5.0;2.0;1.0;0.0;0.0;-3.0;-4.0;2.0;1.0;1.0;0.0;0.0;-3.0;-5.0;2.0;1.0;0.0;-1.0;-2.0;-4.0;2.0;1.0;0.0;-1.0;-3.0;0.0;0.0;-1.0;-2.0;0;0;1;0;0;1;0;0
0.0;0.83;0.0;2.0;1.0;1.0;1.0;0.0;1.0;1.0;1.0;1.0;1.0;1.0;1.0;2.0;0.0;1.0;1.0;1.0;1.0;1.0;1.0;0.0;1.0;2.0;1.0;3.0;3.0;1.0;1.0;1.0;1.0;1.0;0.0;1.0;1.0;1.0;0.0;1.0;1.0;-2.0;-2.0;-3.0;0.0;0.0;-1.0;-2.0;-3.0;-5.0;2.0;1.0;0.0;0.0;-3.0;-4.0;2.0;1.0;1.0;0.0;0.0;-3.0;-5.0;2.0;1.0;0.0;-1.0;-2.0;-4.0;2.0;1.0;0.0;-1.0;-3.0;0.0;0.0;-1.0;-2.0;0;0;1;0;0;1;0;0
0.0;0.83;0.0;3.0;1.0;1.0;1.0;0.0;1.0;1.0;1.0;1.0;1.0;1.0;1.0;2.0;0.0;1.0;1.0;1.0;1.0;1.0;1.0;0.0;1.0;2.0;1.0;3.0;3.0;1.0;1.0;1.0;1.0;1.0;0.0;1.0;1.0;1.0;0.0;1.0;1.0;-2.0;-2.0;-3.0;0.0;0.0;-1.0;-2.0;-3.0;-5.0;2.0;1.0;0.0;0.0;-3.0;-4.0;2.0;1.0;1.0;0.0;0.0;-3.0;-5.0;2.0;1.0;0.0;-1.0;-2.0;-4.0;2.0;1.0;0.0;-1.0;-3.0;0.0;0.0;-1.0;-2.0;0;0;1;0;0;1;0;0
0.0;0.83;0.0;4.0;1.0;1.0;1.0;0.0;1.0;1.0;1.0;1.0;1.0;1.0;1.0;2.0;0.0;1.0;1.0;1.0;1.0;1.0;1.0;0.0;1.0;2.0;1.0;3.0;3.0;1.0;1.0;1.0;1.0;1.0;0.0;1.0;1.0;1.0;0.0;1.0;1.0;-2.0;-2.0;-3.0;0.0;0.0;-1.0;-2.0;-3.0;-5.0;2.0;1.0;0.0;0.0;-3.0;-4.0;2.0;1.0;1.0;0.0;0.0;-3.0;-5.0;2.0;1.0;0.0;-1.0;-2.0;-4.0;2.0;1.0;0.0;-1.0;-3.0;0.0;0.0;-1.0;-2.0;0;0;1;0;0;1;0;0
0.0;0.83;0.0;5.0;1.0;1.0;1.0;0.0;1.0;1.0;1.0;1.0;1.0;1.0;1.0;2.0;0.0;1.0;1.0;1.0;1.0;1.0;1.0;0.0;1.0;2.0;1.0;3.0;3.0;1.0;1.0;1.0;1.0;1.0;0.0;1.0;1.0;1.0;0.0;1.0;1.0;-2.0;-2.0;-3.0;0.0;0.0;-1.0;-2.0;-3.0;-5.0;2.0;1.0;0.0;0.0;-3.0;-4.0;2.0;1.0;1.0;0.0;0.0;-3.0;-5.0;2.0;1.0;0.0;-1.0;-2.0;-4.0;2.0;1.0;0.0;-1.0;-3.0;0.0;0.0;-1.0;-2.0;0;0;1;0;0;1;0;0
0.0;0.83;0.0;0.0;1.0;1.0;1.0;0.0;1.0;1.0;1.0;1.0;1.0;1.0;1.0;2.0;0.0;1.0;1.0;1.0;1.0;1.0;1.0;0.0;1.0;2.0;1.0;3.0;3.0;1.0;1.0;1.0;1.0;1.0;0.0;1.0;1.0;1.0;0.0;1.0;1.0;-2.0;-2.0;-3.0;0.0;0.0;-1.0;-2.0;-3.0;-5.0;2.0;1.0;0.0;0.0;-3.0;-4.0;2.0;1.0;1.0;0.0;0.0;-3.0;-5.0;2.0;1.0;0.0;-1.0;-2.0;-4.0;2.0;1.0;0.0;-1.0;-3.0;0.0;0.0;-1.0;-2.0;0;0;1;0;0;1;0;0
0.0;0.83;0.0;1.0;1.0;1.0;1.0;0.0;1.0;1.0;1.0;1.0;1.0;1.0;1.0;2.0;0.0;1.0;1.0;1.0;1.0;1.0;1.0;0.0;1.0;2.0;1.0;3.0;3.0;1.0;1.0;1.0;1.0;1.0;0.0;1.0;1.0;1.0;0.0;1.0;1.0;-2.0;-2.0;-3.0;0.0;0.0;-1.0;-2.0;-3.0;-5.0;2.0;1.0;0.0;0.0;-3.0;-4.0;2.0;1.0;1.0;0.0;0.0;-3.0;-5.0;2.0;1.0;0.0;-1.0;-2.0;-4.0;2.0;1.0;0.0;-1.0;-3.0;0.0;0.0;-1.0;-2.0;0;1;0;0;0;0;1;0
0.0;0.86;2.0;1.0;1.0;1.0;1.0;1.0;1.0;2.0;0.0;1.0;1.0;1.0;1.0;1.0;0.0;1.0;2.0;1.0;3.0;3.0;1.0;1.0;1.0;1.0;1.0;1.0;0.0;1.0;1.0;0.0;1.0;0.0;1.0;1.0;0.0;1.0;1.0;1.0;1.0;0.0;-1.0;-2.0;-4.0;2.0;1.0;0.0;-2.0;-3.0;2.0;2.0;1.0;0.0;-2.0;-4.0;3.0;2.0;1.0;0.0;-1.0;-3.0;-6.0;3.0;2.0;0.0;0.0;-2.0;0.0;1.0;0.0;0.0;-1.0;0.0;2.0;1.0;1.0;-2.0;0;0;1;0;0;0;1;0
0.0;0.89;2.0;1.0;2.0;0.0;1.0;1.0;1.0;1.0;0.0;1.0;2.0;3.0;3.0;1.0;1.0;1.0;1.0;1.0;1.0;0.0;1.0;1.0;0.0;1.0;1.0;0.0;1.0;1.0;0.0;1.0;1.0;1.0;1.0;1.0;0.0;1.0;1.0;1.0;1.0;1.0;0.0;-2.0;-3.0;2.0;1.0;0.0;-2.0;-4.0;2.0;1.0;0.0;-1.0;-3.0;-6.0;3.0;2.0;0.0;0.0;-2.0;0.0;-5.0;1.0;0.0;0.0;-1.0;0.0;-4.0;2.0;1.0;1.0;-2.0;0.0;1.0;0.0;0.0;-2.0;0;0;1;0;0;0;1;0
0.0;0.93;3.0;1.0;1.0;0.0;1.0;2.0;3.0;1.0;1.0;1.0;1.0;1.0;0.0;1.0;1.0;0.0;1.0;1.0;0.0;1.0;1.0;0.0;1.0;0.0;1.0;1.0;1.0;1.0;0.0;0.0;1.0;1.0;1.0;1.0;1.0;1.0;1.0;1.0;1.0;2.0;0.0;-1.0;-3.0;2.0;1.0;0.0;-2.0;-5.0;3.0;0.0;1.0;-1.0;0.0;-4.0;2.0;0.0;1.0;0.0;0.0;-3.0;0.0;3.0;2.0;2.0;-1.0;0.0;0.0;2.0;1.0;1.0;-1.0;-2.0;2.0;1.0;0.0;-1.0;0;0;1;0;0;0;1;0
0.0;0.98;4.0;1.0;1.0;1.0;1.0;1.0;0.0;1.0;1.0;0.0;1.0;0.0;1.0;1.0;0.0;1.0;0.0;1.0;1.0;1.0;1.0;0.0;0.0;1.0;1.0;1.0;1.0;1.0;1.0;1.0;1.0;1.0;1.0;1.0;0.0;0.0;1.0;1.0;3.0;2.0;1.0;-1.0;-4.0;0.0;2.0;0.0;0.0;-3.0;0.0;2.0;1.0;0.0;-2.0;0.0;4.0;3.0;3.0;0.0;0.0;0.0;-3.0;3.0;2.0;2.0;0.0;-1.0;-2.0;3.0;2.0;1.0;0.0;0.0;0.0;2.0;0.0;-1.0;0;0;1;0;0;0;1;0
0.0;1.05;4.0;1.0;1.0;1.0;0.0;1.0;1.0;1.0;0.0;1.0;0.0;1.0;1.0;1.0;0.0;0.0;1.0;1.0;1.0;1.0;1.0;1.0;1.0;1.0;1.0;1.0;1.0;1.0;0.0;0.0;0.0;1.0;1.0;3.0;1.0;1.0;1.0;3.0;1.0;2.0;0.0;0.0;-3.0;2.0;1.0;0.0;-2.0;0.0;3.0;3.0;0.0;0.0;0.0;-3.0;3.0;2.0;2.0;0.0;-1.0;-2.0;-3.0;3.0;2.0;1.0;0.0;0.0;0.0;0.0;2.0;0.0;-1.0;-2.0;2.0;1.0;0.0;-1.0;0;0;1;0;0;0;0;1
0.0;0.97;5.0;0.0;1.0;0.0;1.0;1.0;1.0;0.0;1.0;0.0;1.0;1.0;1.0;0.0;0.0;1.0;1.0;1.0;1.0;1.0;1.0;1.0;1.0;0.0;1.0;1.0;1.0;0.0;0.0;1.0;1.0;1.0;3.0;1.0;1.0;1.0;3.0;1.0;1.0;1.0;0.0;-2.0;-4.0;2.0;0.0;-1.0;0.0;-4.0;4.0;1.0;0.0;0.0;-2.0;-4.0;3.0;3.0;1.0;0.0;-1.0;-2.0;0.0;3.0;2.0;1.0;0.0;0.0;-2.0;3.0;1.0;0.0;-1.0;-2.0;2.0;1.0;0.0;-1.0;0;0;1;0;0;0;1;0
0.0;0.86;6.0;0.0;0.0;1.0;1.0;1.0;0.0;1.0;0.0;1.0;1.0;1.0;0.0;0.0;1.0;1.0;0.0;1.0;1.0;1.0;1.0;1.0;0.0;0.0;1.0;1.0;0.0;0.0;1.0;1.0;1.0;3.0;1.0;1.0;0.0;3.0;1.0;1.0;1.0;0.0;-1.0;-3.0;-4.0;0.0;0.0;0.0;-3.0;-4.0;2.0;0.0;0.0;-1.0;-3.0;0.0;4.0;2.0;1.0;0.0;-1.0;0.0;0.0;3.0;2.0;0.0;0.0;-1.0;-2.0;2.0;1.0;0.0;-1.0;0.0;2.0;1.0;0.0;-1.0;0;0;1;0;0;0;1;0
0.0;0.72;7.0;0.0;1.0;1.0;1.0;1.0;1.0;0.0;1.0;1.0;1.0;0.0;0.0;1.0;1.0;0.0;1.0;1.0;1.0;1.0;1.0;0.0;0.0;1.0;1.0;0.0;0.0;1.0;1.0;1.0;3.0;1.0;1.0;0.0;1.0;1.0;1.0;1.0;1.0;0.0;-2.0;-3.0;-4.0;1.0;0.0;-2.0;-3.0;-4.0;0.0;0.0;0.0;-2.0;0.0;-5.0;3.0;2.0;1.0;0.0;0.0;0.0;-3.0;3.0;0.0;0.0;0.0;-1.0;-2.0;2.0;1.0;0.0;0.0;-2.0;2.0;1.0;0.0;-1.0;0;0;1;0;0;1;0;0
0.0;0.77;7.0;1.0;0.0;1.0;1.0;1.0;0.0;1.0;1.0;0.0;1.0;1.0;1.0;1.0;0.0;0.0;1.0;1.0;0.0;0.0;1.0;1.0;1.0;0.0;3.0;1.0;1.0;0.0;1.0;3.0;1.0;1.0;1.0;1.0;1.0;1.0;1.0;1.0;1.0;0.0;-2.0;-3.0;-4.0;0.0;0.0;-2.0;0.0;-5.0;2.0;1.0;0.0;0.0;0.0;-3.0;3.0;0.0;0.0;0.0;-1.0;-2.0;0.0;2.0;1.0;0.0;0.0;-2.0;-3.0;2.0;1.0;0.0;-1.0;-2.0;1.0;-1.0;-1.0;-2.0;0;0;1;0;0;0;1;0
0.0;0.77;0.0;1.0;0.0;1.0;1.0;1.0;0.0;1.0;1.0;0.0;1.0;1.0;1.0;1.0;0.0;0.0;1.0;1.0;0.0;0.0;1.0;1.0;1.0;0.0;3.0;1.0;1.0;0.0;1.0;3.0;1.0;1.0;1.0;1.0;1.0;1.0;1.0;1.0;1.0;0.0;-2.0;-3.0;-4.0;0.0;0.0;-2.0;0.0;-5.0;2.0;1.0;0.0;0.0;0.0;-3.0;3.0;0.0;0.0;0.0;-1.0;-2.0;0.0;2.0;1.0;0.0;0.0;-2.0;-3.0;2.0;1.0;0.0;-1.0;-2.0;1.0;-1.0;-1.0;-2.0;0;0;1;0;0;0;0;1
0.0;0.77;0.0;0.0;0.0;1.0;1.0;1.0;0.0;1.0;1.0;0.0;1.0;1.0;1.0;1.0;0.0;0.0;1.0;1.0;0.0;0.0;1.0;1.0;1.0;0.0;3.0;1.0;1.0;0.0;1.0;3.0;1.0;1.0;1.0;1.0;1.0;1.0;1.0;1.0;1.0;0.0;-2.0;-3.0;-4.0;0.0;0.0;-2.0;0.0;-5.0;2.0;1.0;0.0;0.0;0.0;-3.0;3.0;0.0;0.0;0.0;-1.0;-2.0;0.0;2.0;1.0;0.0;0.0;-2.0;-3.0;2.0;1.0;0.0;-1.0;-2.0;1.0;-1.0;-1.0;-2.0;0;1;0;0;0;0;1;0
0.0;-0.52;2.0;0.0;1.0;1.0;1.0;1.0;1.0;1.0;0.0;1.0;1.0;1.0;1.0;0.0;0.0;1.0;1.0;0.0;0.0;1.0;1.0;1.0;0.0;1.0;1.0;1.0;0.0;1.0;3.0;1.0;1.0;1.0;1.0;1.0;0.0;1.0;1.0;1.0;1.0;-1.0;-2.0;-3.0;-4.0;1.0;-1.0;0.0;-4.0;-4.0;2.0;1.0;0.0;0.0;-2.0;-3.0;0.0;0.0;1.0;0.0;-1.0;0.0;-3.0;2.0;1.0;0.0;-1.0;-2.0;-3.0;2.0;1.0;0.0;-1.0;0.0;0.0;0.0;-1.0;-2.0;0;0;1;0;0;1;0;0
0.0;-0.63;3.0;1.0;1.0;0.0;1.0;1.0;1.0;0.0;0.0;1.0;1.0;0.0;1.0;1.0;1.0;0.0;1.0;1.0;1.0;0.0;1.0;3.0;1.0;0.0;1.0;1.0;1.0;1.0;0.0;1.0;1.0;1.0;1.0;1.0;0.0;1.0;0.0;0.0;1.0;0.0;0.0;-3.0;-3.0;2.0;0.0;0.0;-1.0;-2.0;0.0;2.0;1.0;0.0;0.0;-2.0;3.0;2.0;0.0;0.0;-1.0;-2.0;0.0;3.0;2.0;1.0;0.0;0.0;-2.0;1.0;1.0;0.0;-1.0;0.0;2.0;0.0;0.0;-1.0;0;0;1;0;0;1;0;0
0.0;-0.65;2.0;2.0;1.0;0.0;0.0;1.0;0.0;1.0;1.0;1.0;0.0;1.0;1.0;0.0;1.0;3.0;1.0;1.0;1.0;1.0;1.0;1.0;0.0;1.0;1.0;1.0;1.0;1.0;1.0;0.0;0.0;1.0;0.0;0.0;1.0;0.0;1.0;1.0;3.0;1.0;0.0;0.0;-2.0;0.0;1.0;0.0;-1.0;0.0;2.0;1.0;0.0;-1.0;-2.0;-3.0;3.0;2.0;1.0;0.0;-1.0;0.0;-3.0;2.0;0.0;0.0;-1.0;-2.0;0.0;0.0;1.0;0.0;0.0;-2.0;0.0;0.0;-1.0;-2.0;0;0;0;1;0;1;0;0
0.0;-0.65;0.0;3.0;1.0;0.0;0.0;1.0;0.0;1.0;1.0;1.0;0.0;1.0;1.0;0.0;1.0;3.0;1.0;1.0;1.0;1.0;1.0;1.0;0.0;1.0;1.0;1.0;1.0;1.0;1.0;0.0;0.0;1.0;0.0;0.0;1.0;0.0;1.0;1.0;3.0;1.0;0.0;0.0;-2.0;0.0;1.0;0.0;-1.0;0.0;2.0;1.0;0.0;-1.0;-2.0;-3.0;3.0;2.0;1.0;0.0;-1.0;0.0;-3.0;2.0;0.0;0.0;-1.0;-2.0;0.0;0.0;1.0;0.0;0.0;-2.0;0.0;0.0;-1.0;-2.0;0;0;1;0;0;0;0;1
0.0;-0.65;0.0;2.0;1.0;0.0;0.0;1.0;0.0;1.0;1.0;1.0;0.0;1.0;1.0;0.0;1.0;3.0;1.0;1.0;1.0;1.0;1.0;1.0;0.0;1.0;1.0;1.0;1.0;1.0;1.0;0.0;0.0;1.0;0.0;0.0;1.0;0.0;1.0;1.0;3.0;1.0;0.0;0.0;-2.0;0.0;1.0;0.0;-1.0;0.0;2.0;1.0;0.0;-1.0;-2.0;-3.0;3.0;2.0;1.0;0.0;-1.0;0.0;-3.0;2.0;0.0;0.0;-1.0;-2.0;0.0;0.0;1.0;0.0;0.0;-2.0;0.0;0.0;-1.0;-2.0;0;0;1;0;0;1;0;0
0.0;-0.65;0.0;3.0;1.0;0.0;0.0;1.0;0.0;1.0;1.0;1.0;0.0;1.0;1.0;0.0;1.0;3.0;1.0;1.0;1.0;1.0;1.0;1.0;0.0;1.0;1.0;1.0;1.0;1.0;1.0;0.0;0.0;1.0;0.0;0.0;1.0;0.0;1.0;1.0;3.0;1.0;0.0;0.0;-2.0;0.0;1.0;0.0;-1.0;0.0;2.0;1.0;0.0;-1.0;-2.0;-3.0;3.0;2.0;1.0;0.0;-1.0;0.0;-3.0;2.0;0.0;0.0;-1.0;-2.0;0.0;0.0;1.0;0.0;0.0;-2.0;0.0;0.0;-1.0;-2.0;0;0;1;0;0;0;0;1
0.0;-0.65;0.0;2.0;1.0;0.0;0.0;1.0;0.0;1.0;1.0;1.0;0.0;1.0;1.0;0.0;1.0;3.0;1.0;1.0;1.0;1.0;1.0;1.0;0.0;1.0;1.0;1.0;1.0;1.0;1.0;0.0;0.0;1.0;0.0;0.0;1.0;0.0;1.0;1.0;3.0;1.0;0.0;0.0;-2.0;0.0;1.0;0.0;-1.0;0.0;2.0;1.0;0.0;-1.0;-2.0;-3.0;3.0;2.0;1.0;0.0;-1.0;0.0;-3.0;2.0;0.0;0.0;-1.0;-2.0;0.0;0.0;1.0;0.0;0.0;-2.0;0.0;0.0;-1.0;-2.0;0;1;0;0;0;0;1;0
0.0;-0.67;1.0;2.0;0.0;1.0;1.0;1.0;1.0;1.0;0.0;1.0;3.0;1.0;1.0;1.0;1.0;1.0;0.0;0.0;1.0;1.0;1.0;1.0;1.0;0.0;2.0;0.0;1.0;0.0;0.0;1.0;0.0;0.0;1.0;1.0;3.0;1.0;1.0;3.0;0.0;0.0;1.0;0.0;-1.0;2.0;1.0;0.0;-1.0;-2.0;3.0;2.0;1.0;0.0;-1.0;0.0;0.0;2.0;0.0;0.0;-1.0;-2.0;0.0;3.0;0.0;1.0;0.0;0.0;-2.0;0.0;0.0;0.0;-1.0;-2.0;3.0;1.0;0.0;0.0;0;0;1;0;0;0;1;0
0.0;-0.67;0.0;2.0;0.0;1.0;1.0;1.0;1.0;1.0;0.0;1.0;3.0;1.0;1.0;1.0;1.0;1.0;0.0;0.0;1.0;1.0;1.0;1.0;1.0;0.0;2.0;0.0;1.0;0.0;0.0;1.0;0.0;0.0;1.0;1.0;3.0;1.0;1.0;3.0;0.0;0.0;1.0;0.0;-1.0;2.0;1.0;0.0;-1.0;-2.0;3.0;2.0;1.0;0.0;-1.0;0.0;0.0;2.0;0.0;0.0;-1.0;-2.0;0.0;3.0;0.0;1.0;0.0;0.0;-2.0;0.0;0.0;0.0;-1.0;-2.0;3.0;1.0;0.0;0.0;0;0;1;0;0;1;0;0
0.0;-0.67;0.0;3.0;0.0;1.0;1.0;1.0;1.0;1.0;0.0;1.0;3.0;1.0;1.0;1.0;1.0;1.0;0.0;0.0;1.0;1.0;1.0;1.0;1.0;0.0;2.0;0.0;1.0;0.0;0.0;1.0;0.0;0.0;1.0;1.0;3.0;1.0;1.0;3.0;0.0;0.0;1.0;0.0;-1.0;2.0;1.0;0.0;-1.0;-2.0;3.0;2.0;1.0;0.0;-1.0;0.0;0.0;2.0;0.0;0.0;-1.0;-2.0;0.0;3.0;0.0;1.0;0.0;0.0;-2.0;0.0;0.0;0.0;-1.0;-2.0;3.0;1.0;0.0;0.0;0;1;0;0;0;0;1;0
0.0;-0.52;1.0;3.0;0.0;0.0;1.0;1.0;3.0;1.0;1.0;0.0;1.0;3.0;1.0;1.0;1.0;1.0;1.0;1.0;0.0;1.0;1.0;1.0;1.0;1.0;1.0;2.0;0.0;1.0;0.0;0.0;0.0;0.0;0.0;1.0;1.0;3.0;1.0;1.0;3.0;0.0;0.0;1.0;0.0;3.0;2.0;1.0;0.0;-1.0;4.0;3.0;2.0;1.0;0.0;-1.0;4.0;0.0;2.0;0.0;0.0;-1.0;-2.0;4.0;3.0;0.0;1.0;0.0;0.0;0.0;0.0;0.0;0.0;-1.0;3.0;3.0;1.0;0.0;0;0;1;0;0;0;1;0
0.0;-0.52;0.0;3.0;0.0;0.0;1.0;1.0;3.0;1.0;1.0;0.0;1.0;3.0;1.0;1.0;1.0;1.0;1.0;1.0;0.0;1.0;1.0;1.0;1.0;1.0;1.0;2.0;0.0;1.0;0.0;0.0;0.0;0.0;0.0;1.0;1.0;3.0;1.0;1.0;3.0;0.0;0.0;1.0;0.0;3.0;2.0;1.0;0.0;-1.0;4.0;3.0;2.0;1.0;0.0;-1.0;4.0;0.0;2.0;0.0;0.0;-1.0;-2.0;4.0;3.0;0.0;1.0;0.0;0.0;0.0;0.0;0.0;0.0;-1.0;3.0;3.0;1.0;0.0;0;0;1;0;0;1;0;0
0.0;-0.52;0.0;4.0;0.0;0.0;1.0;1.0;3.0;1.0;1.0;0.0;1.0;3.0;1.0;1.0;1.0;1.0;1.0;1.0;0.0;1.0;1.0;1.0;1.0;1.0;1.0;2.0;0.0;1.0;0.0;0.0;0.0;0.0;0.0;1.0;1.0;3.0;1.0;1.0;3.0;0.0;0.0;1.0;0.0;3.0;2.0;1.0;0.0;-1.0;4.0;3.0;2.0;1.0;0.0;-1.0;4.0;0.0;2.0;0.0;0.0;-1.0;-2.0;4.0;3.0;0.0;1.0;0.0;0.0;0.0;0.0;0.0;0.0;-1.0;3.0;3.0;1.0;0.0;0;0;1;0;0;1;0;0
0.0;-0.52;0.0;5.0;0.0;0.0;1.0;1.0;3.0;1.0;1.0;0.0;1.0;3.0;1.0;1.0;1.0;1.0;1.0;1.0;0.0;1.0;1.0;1.0;1.0;1.0;1.0;2.0;0.0;1.0;0.0;0.0;0.0;0.0;0.0;1.0;1.0;3.0;1.0;1.0;3.0;0.0;0.0;1.0;0.0;3.0;2.0;1.0;0.0;-1.0;4.0;3.0;2.0;1.0;0.0;-1.0;4.0;0.0;2.0;0.0;0.0;-1.0;-2.0;4.0;3.0;0.0;1.0;0.0;0.0;0.0;0.0;0.0;0.0;-1.0;3.0;3.0;1.0;0.0;0;0;1;0;0;1;0;0
0.0;-0.52;0.0;0.0;0.0;0.0;1.0;1.0;3.0;1.0;1.0;0.0;1.0;3.0;1.0;1.0;1.0;1.0;1.0;1.0;0.0;1.0;1.0;1.0;1.0;1.0;1.0;2.0;0.0;1.0;0.0;0.0;0.0;0.0;0.0;1.0;1.0;3.0;1.0;1.0;3.0;0.0;0.0;1.0;0.0;3.0;2.0;1.0;0.0;-1.0;4.0;3.0;2.0;1.0;0.0;-1.0;4.0;0.0;2.0;0.0;0.0;-1.0;-2.0;4.0;3.0;0.0;1.0;0.0;0.0;0.0;0.0;0.0;0.0;-1.0;3.0;3.0;1.0;0.0;0;0;1;0;0;1;0;0
0.0;-0.52;0.0;1.0;0.0;0.0;1.0;1.0;3.0;1.0;1.0;0.0;1.0;3.0;1.0;1.0;1.0;1.0;1.0;1.0;0.0;1.0;1.0;1.0;1.0;1.0;1.0;2.0;0.0;1.0;0.0;0.0;0.0;0.0;0.0;1.0;1.0;3.0;1.0;1.0;3.0;0.0;0.0;1.0;0.0;3.0;2.0;1.0;0.0;-1.0;4.0;3.0;2.0;1.0;0.0;-1.0;4.0;0.0;2.0;0.0;0.0;-1.0;-2.0;4.0;3.0;0.0;1.0;0.0;0.0;0.0;0.0;0.0;0.0;-1.0;3.0;3.0;1.0;0.0;0;1;0;0;0;0;1;0
0.0;-0.71;1.0;1.0;1.0;1.0;0.0;1.0;1.0;1.0;1.0;1.0;1.0;0.0;1.0;1.0;1.0;1.0;1.0;1.0;2.0;0.0;1.0;0.0;0.0;1.0;0.0;0.0;0.0;1.0;1.0;3.0;3.0;1.0;1.0;3.0;0.0;1.0;3.0;0.0;1.0;1.0;0.0;0.0;-2.0;2.0;1.0;0.0;-1.0;-2.0;0.0;1.0;-1.0;-1.0;-2.0;-3.0;3.0;2.0;0.0;0.0;0.0;0.0;-3.0;0.0;0.0;0.0;-1.0;-2.0;-3.0;2.0;2.0;0.0;-1.0;0.0;2.0;0.0;0.0;-2.0;0;0;1;0;0;0;1;0
0.0;-0.92;2.0;1.0;1.0;1.0;1.0;1.0;1.0;1.0;1.0;1.0;1.0;2.0;0.0;1.0;0.0;0.0;1.0;0.0;0.0;0.0;1.0;1.0;3.0;1.0;3.0;1.0;1.0;3.0;0.0;1.0;1.0;3.0;0.0;1.0;1.0;0.0;3.0;1.0;0.0;2.0;1.0;0.0;-1.0;2.0;0.0;0.0;-1.0;-2.0;3.0;0.0;1.0;0.0;0.0;-2.0;0.0;0.0;0.0;0.0;-1.0;-2.0;-4.0;3.0;3.0;1.0;0.0;0.0;-2.0;3.0;1.0;0.0;-1.0;-2.0;0.0;1.0;0.0;0.0;0;0;1;0;0;1;0;0
0.0;-0.88;1.0;2.0;2.0;0.0;1.0;0.0;0.0;0.0;0.0;1.0;1.0;0.0;3.0;1.0;1.0;3.0;0.0;0.0;1.0;1.0;3.0;0.0;1.0;1.0;1.0;3.0;0.0;3.0;1.0;0.0;1.0;1.0;3.0;0.0;1.0;1.0;1.0;3.0;3.0;2.0;0.0;0.0;0.0;0.0;0.0;0.0;-1.0;-2.0;0.0;2.0;2.0;0.0;-1.0;0.0;0.0;3.0;2.0;0.0;0.0;-2.0;-3.0;4.0;2.0;0.0;0.0;-1.0;0.0;3.0;2.0;0.0;0.0;-2.0;3.0;1.0;1.0;-1.0;0;0;0;1;0;1;0;0
0.0;-0.88;0.0;3.0;2.0;0.0;1.0;0.0;0.0;0.0;0.0;1.0;1.0;0.0;3.0;1.0;1.0;3.0;0.0;0.0;1.0;1.0;3.0;0.0;1.0;1.0;1.0;3.0;0.0;3.0;1.0;0.0;1.0;1.0;3.0;0.0;1.0;1.0;1.0;3.0;3.0;2.0;0.0;0.0;0.0;0.0;0.0;0.0;-1.0;-2.0;0.0;2.0;2.0;0.0;-1.0;0.0;0.0;3.0;2.0;0.0;0.0;-2.0;-3.0;4.0;2.0;0.0;0.0;-1.0;0.0;3.0;2.0;0.0;0.0;-2.0;3.0;1.0;1.0;-1.0;0;0;1;0;0;1;0;0
0.0;-0.88;0.0;4.0;2.0;0.0;1.0;0.0;0.0;0.0;0.0;1.0;1.0;0.0;3.0;1.0;1.0;3.0;0.0;0.0;1.0;1.0;3.0;0.0;1.0;1.0;1.0;3.0;0.0;3.0;1.0;0.0;1.0;1.0;3.0;0.0;1.0;1.0;1.0;3.0;3.0;2.0;0.0;0.0;0.0;0.0;0.0;0.0;-1.0;-2.0;0.0;2.0;2.0;0.0;-1.0;0.0;0.0;3.0;2.0;0.0;0.0;-2.0;-3.0;4.0;2.0;0.0;0.0;-1.0;0.0;3.0;2.0;0.0;0.0;-2.0;3.0;1.0;1.0;-1.0;0;0;1;0;0;0;0;1
0.0;-0.88;0.0;3.0;2.0;0.0;1.0;0.0;0.0;0.0;0.0;1.0;1.0;0.0;3.0;1.0;1.0;3.0;0.0;0.0;1.0;1.0;3.0;0.0;1.0;1.0;1.0;3.0;0.0;3.0;1.0;0.0;1.0;1.0;3.0;0.0;1.0;1.0;1.0;3.0;3.0;2.0;0.0;0.0;0.0;0.0;0.0;0.0;-1.0;-2.0;0.0;2.0;2.0;0.0;-1.0;0.0;0.0;3.0;2.0;0.0;0.0;-2.0;-3.0;4.0;2.0;0.0;0.0;-1.0;0.0;3.0;2.0;0.0;0.0;-2.0;3.0;1.0;1.0;-1.0;0;1;0;0;0;0;1;0
0.0;-0.81;1.0;3.0;1.0;2.0;0.0;1.0;0.0;0.0;0.0;0.0;1.0;0.0;0.0;3.0;1.0;1.0;3.0;1.0;0.0;1.0;1.0;3.0;0.0;1.0;1.0;1.0;3.0;0.0;3.0;1.0;1.0;1.0;1.0;3.0;0.0;1.0;1.0;1.0;3.0;1.0;0.0;0.0;-2.0;0.0;0.0;0.0;0.0;-3.0;0.0;0.0;0.0;0.0;-2.0;-3.0;3.0;0.0;1.0;0.0;-2.0;0.0;-4.0;4.0;2.0;0.0;0.0;-2.0;-3.0;5.0;1.0;0.0;-2.0;0.0;3.0;1.0;-1.0;-1.0;0;0;1;0;0;0;0;1
0.0;-0.81;0.0;2.0;1.0;2.0;0.0;1.0;0.0;0.0;0.0;0.0;1.0;0.0;0.0;3.0;1.0;1.0;3.0;1.0;0.0;1.0;1.0;3.0;0.0;1.0;1.0;1.0;3.0;0.0;3.0;1.0;1.0;1.0;1.0;3.0;0.0;1.0;1.0;1.0;3.0;1.0;0.0;0.0;-2.0;0.0;0.0;0.0;0.0;-3.0;0.0;0.0;0.0;0.0;-2.0;-3.0;3.0;0.0;1.0;0.0;-2.0;0.0;-4.0;4.0;2.0;0.0;0.0;-2.0;-3.0;5.0;1.0;0.0;-2.0;0.0;3.0;1.0;-1.0;-1.0;0;0;1;0;0;1;0;0
0.0;-0.81;0.0;3.0;1.0;2.0;0.0;1.0;0.0;0.0;0.0;0.0;1.0;0.0;0.0;3.0;1.0;1.0;3.0;1.0;0.0;1.0;1.0;3.0;0.0;1.0;1.0;1.0;3.0;0.0;3.0;1.0;1.0;1.0;1.0;3.0;0.0;1.0;1.0;1.0;3.0;1.0;0.0;0.0;-2.0;0.0;0.0;0.0;0.0;-3.0;0.0;0.0;0.0;0.0;-2.0;-3.0;3.0;0.0;1.0;0.0;-2.0;0.0;-4.0;4.0;2.0;0.0;0.0;-2.0;-3.0;5.0;1.0;0.0;-2.0;0.0;3.0;1.0;-1.0;-1.0;0;1;0;0;0;0;1;0
0.0;-0.73;1.0;3.0;1.0;1.0;2.0;0.0;0.0;0.0;0.0;0.0;0.0;0.0;0.0;0.0;3.0;1.0;1.0;1.0;1.0;0.0;1.0;1.0;3.0;0.0;3.0;1.0;1.0;3.0;0.0;3.0;1.0;1.0;1.0;1.0;3.0;3.0;1.0;1.0;1.0;0.0;0.0;-1.0;0.0;0.0;0.0;0.0;0.0;0.0;0.0;0.0;0.0;-1.0;-1.0;-3.0;4.0;2.0;0.0;0.0;-1.0;-3.0;0.0;4.0;3.0;1.0;-1.0;0.0;-3.0;4.0;4.0;0.0;-1.0;-3.0;3.0;2.0;0.0;-2.0;0;0;1;0;0;0;0;1
0.0;-0.73;0.0;2.0;1.0;1.0;2.0;0.0;0.0;0.0;0.0;0.0;0.0;0.0;0.0;0.0;3.0;1.0;1.0;1.0;1.0;0.0;1.0;1.0;3.0;0.0;3.0;1.0;1.0;3.0;0.0;3.0;1.0;1.0;1.0;1.0;3.0;3.0;1.0;1.0;1.0;0.0;0.0;-1.0;0.0;0.0;0.0;0.0;0.0;0.0;0.0;0.0;0.0;-1.0;-1.0;-3.0;4.0;2.0;0.0;0.0;-1.0;-3.0;0.0;4.0;3.0;1.0;-1.0;0.0;-3.0;4.0;4.0;0.0;-1.0;-3.0;3.0;2.0;0.0;-2.0;0;1;0;0;0;0;1;0
0.0;-0.76;1.0;2.0;0.0;0.0;0.0;0.0;0.0;0.0;0.0;3.0;1.0;1.0;1.0;0.0;1.0;1.0;3.0;3.0;3.0;1.0;1.0;3.0;0.0;3.0;3.0;1.0;1.0;1.0;1.0;3.0;0.0;3.0;1.0;1.0;1.0;0.0;0.0;2.0;3.0;0.0;0.0;0.0;0.0;0.0;0.0;0.0;-2.0;-2.0;3.0;1.0;0.0;-1.0;-2.0;-4.0;4.0;3.0;2.0;0.0;-2.0;0.0;-4.0;4.0;3.0;3.0;-1.0;-2.0;-4.0;0.0;2.0;1.0;-1.0;-3.0;0.0;0.0;1.0;-1.0;0;0;1;0;0;1;0;0
0.0;-0.76;0.0;3.0;0.0;0.0;0.0;0.0;0.0;0.0;0.0;3.0;1.0;1.0;1.0;0.0;1.0;1.0;3.0;3.0;3.0;1.0;1.0;3.0;0.0;3.0;3.0;1.0;1.0;1.0;1.0;3.0;0.0;3.0;1.0;1.0;1.0;0.0;0.0;2.0;3.0;0.0;0.0;0.0;0.0;0.0;0.0;0.0;-2.0;-2.0;3.0;1.0;0.0;-1.0;-2.0;-4.0;4.0;3.0;2.0;0.0;-2.0;0.0;-4.0;4.0;3.0;3.0;-1.0;-2.0;-4.0;0.0;2.0;1.0;-1.0;-3.0;0.0;0.0;1.0;-1.0;0;0;1;0;0;1;0;0
0.0;-0.76;0.0;4.0;0.0;0.0;0.0;0.0;0.0;0.0;0.0;3.0;1.0;1.0;1.0;0.0;1.0;1.0;3.0;3.0;3.0;1.0;1.0;3.0;0.0;3.0;3.0;1.0;1.0;1.0;1.0;3.0;0.0;3.0;1.0;1.0;1.0;0.0;0.0;2.0;3.0;0.0;0.0;0.0;0.0;0.0;0.0;0.0;-2.0;-2.0;3.0;1.0;0.0;-1.0;-2.0;-4.0;4.0;3.0;2.0;0.0;-2.0;0.0;-4.0;4.0;3.0;3.0;-1.0;-2.0;-4.0;0.0;2.0;1.0;-1.0;-3.0;0.0;0.0;1.0;-1.0;0;0;1;0;0;0;0;1
0.0;-0.76;0.0;3.0;0.0;0.0;0.0;0.0;0.0;0.0;0.0;3.0;1.0;1.0;1.0;0.0;1.0;1.0;3.0;3.0;3.0;1.0;1.0;3.0;0.0;3.0;3.0;1.0;1.0;1.0;1.0;3.0;0.0;3.0;1.0;1.0;1.0;0.0;0.0;2.0;3.0;0.0;0.0;0.0;0.0;0.0;0.0;0.0;-2.0;-2.0;3.0;1.0;0.0;-1.0;-2.0;-4.0;4.0;3.0;2.0;0.0;-2.0;0.0;-4.0;4.0;3.0;3.0;-1.0;-2.0;-4.0;0.0;2.0;1.0;-1.0;-3.0;0.0;0.0;1.0;-1.0;0;1;0;0;0;0;1;0
